Vessel Name: 20241212_TCSL250_wk0_ratio8
Date Time	Elapsed	B2	B3	B4	B5	B6	B7	B8	B9	B10	C2	C3	C4	C5	C6	C7	C8	C9	C10	D2	D3	D4	D5	D6	D7	D8	D9	D10	E2	E3	E4	E5	E6	E7	E8	E9	E10	F2	F3	F4	F5	F6	F7	F8	F9	F10	G2	G3	G4	G5	G6	G7	G8	G9	G10	B2 (Std Err Well)	B3 (Std Err Well)	B4 (Std Err Well)	B5 (Std Err Well)	B6 (Std Err Well)	B7 (Std Err Well)	B8 (Std Err Well)	B9 (Std Err Well)	B10 (Std Err Well)	C2 (Std Err Well)	C3 (Std Err Well)	C4 (Std Err Well)	C5 (Std Err Well)	C6 (Std Err Well)	C7 (Std Err Well)	C8 (Std Err Well)	C9 (Std Err Well)	C10 (Std Err Well)	D2 (Std Err Well)	D3 (Std Err Well)	D4 (Std Err Well)	D5 (Std Err Well)	D6 (Std Err Well)	D7 (Std Err Well)	D8 (Std Err Well)	D9 (Std Err Well)	D10 (Std Err Well)	E2 (Std Err Well)	E3 (Std Err Well)	E4 (Std Err Well)	E5 (Std Err Well)	E6 (Std Err Well)	E7 (Std Err Well)	E8 (Std Err Well)	E9 (Std Err Well)	E10 (Std Err Well)	F2 (Std Err Well)	F3 (Std Err Well)	F4 (Std Err Well)	F5 (Std Err Well)	F6 (Std Err Well)	F7 (Std Err Well)	F8 (Std Err Well)	F9 (Std Err Well)	F10 (Std Err Well)	G2 (Std Err Well)	G3 (Std Err Well)	G4 (Std Err Well)	G5 (Std Err Well)	G6 (Std Err Well)	G7 (Std Err Well)	G8 (Std Err Well)	G9 (Std Err Well)	G10 (Std Err Well)
12/12/2024 7:08:00 PM	0	2310.6	2692.8	2175.6	2141.6	2167	2150.6	2154	2129	2556.8	3604.4	2024	2325.8	2067.4	2086.4	2161.4	2137.6	2175.6	2139	3448.4	2233.2	2100.4	2248.4	2252	2218.2	2304	2268.4	2248.4	2525.4	2152.8	2017.4	2261.6	2118.6	2216.4	2254.4	2206	2190.8	2945.4	2076.8	2427.2	2181.2	2157.4	2114.8	2224.2	2234.6	2258	2219.4	2888.4	2168.4	2088.8	2129	2063.8	2044	2188.4	3039.2	0	0	0	0	0	0	0	0	0	0	0	0	0	0	0	0	0	0	0	0	0	0	0	0	0	0	0	0	0	0	0	0	0	0	0	0	0	0	0	0	0	0	0	0	0	0	0	0	0	0	0	0	0	0
12/12/2024 11:08:00 PM	4	2695.2	3147.6	2577.8	2525.8	2570.6	2560.2	2553	2534.6	2984.2	4117.2	2425.8	2781	2477.6	2482.4	2567.4	2539	2592.8	2544.6	3899.8	2651.2	2500.8	2680.8	2693.6	2658.6	2728	2700	2665.8	2959.8	2568	2418	2689.2	2519.2	2628.2	2692	2642.4	2592	3440.2	2476.4	2848.2	2597.6	2554	2512.2	2649.8	2648.2	2680.8	2647.6	3330.2	2587.6	2486.6	2522	2452.4	2417.4	2573	3515.4	0	0	0	0	0	0	0	0	0	0	0	0	0	0	0	0	0	0	0	0	0	0	0	0	0	0	0	0	0	0	0	0	0	0	0	0	0	0	0	0	0	0	0	0	0	0	0	0	0	0	0	0	0	0
12/13/2024 3:08:00 AM	8	3063.4	3521.4	2915.2	2857.6	2903.4	2875.8	2872.6	2877.8	3339.4	4541.8	2771.6	3119.8	2807.6	2826.4	2898	2879	2940	2849.2	4262.8	3010.6	2839.6	3051.2	3037	2992.4	3092.4	3042.4	3000.4	3297.8	2923.6	2758	3050	2857.4	2971.8	3038.8	2994.6	2919.4	3816.8	2812.6	3213.2	2966	2906.2	2851.8	3017.2	3002.2	3014.8	3009	3701.4	2918.2	2819.8	2848.2	2786.8	2737.2	2905.6	3850.6	0	0	0	0	0	0	0	0	0	0	0	0	0	0	0	0	0	0	0	0	0	0	0	0	0	0	0	0	0	0	0	0	0	0	0	0	0	0	0	0	0	0	0	0	0	0	0	0	0	0	0	0	0	0
12/13/2024 7:08:00 AM	12	3422	3866.2	3250.8	3205.2	3226.6	3204.6	3214.4	3179	3705.6	4956.6	3089.8	3461.4	3135.6	3154.8	3231.2	3232	3274.6	3176.4	4662	3343.8	3167.8	3393	3341.6	3318.2	3434	3393.6	3352.2	3670	3245.2	3063	3371.2	3169.6	3302	3382	3314.6	3268.8	4191.4	3137	3554.2	3297.2	3234.2	3157	3388.8	3347.2	3354.2	3331.2	4056.4	3251.4	3133.2	3157.2	3069.2	3060.6	3273.4	4231.8	0	0	0	0	0	0	0	0	0	0	0	0	0	0	0	0	0	0	0	0	0	0	0	0	0	0	0	0	0	0	0	0	0	0	0	0	0	0	0	0	0	0	0	0	0	0	0	0	0	0	0	0	0	0
12/13/2024 11:08:00 AM	16	3776.4	4230.4	3612.6	3560	3591.8	3531	3577.4	3549	4082.2	5308.4	3409.6	3809.4	3496.6	3526.8	3623.4	3619.8	3640.2	3546.6	4980.4	3704.6	3483.2	3753.6	3715.6	3679.2	3784.6	3754.2	3723.4	3994.6	3533.2	3333.4	3680.8	3521.6	3598.6	3753.2	3707.4	3646.4	4569.2	3436	3938.2	3611.8	3586.4	3479.4	3823.4	3800	3823.2	3697	4389	3578.4	3389.8	3476.6	3353.8	3490.2	3722	4685.8	0	0	0	0	0	0	0	0	0	0	0	0	0	0	0	0	0	0	0	0	0	0	0	0	0	0	0	0	0	0	0	0	0	0	0	0	0	0	0	0	0	0	0	0	0	0	0	0	0	0	0	0	0	0
12/13/2024 3:08:00 PM	20	4113.6	4589.8	3946.4	3902.6	3919.8	3819	3906.8	3897.6	4429.8	5622.6	3671.8	4085.4	3905.6	3918.6	4039	3946.6	4000.6	3870.2	5289	3951.4	3732	4114.6	4115	4081.4	4074.2	4088	4065.2	4302.6	3758.4	3529.4	3924.6	3780	3848.6	4098.8	4091	4024	4898.2	3722.4	4292.6	3890.2	3845	3708.8	4307.6	4319.6	4320.4	3938.4	4659.6	3800.6	3561.2	3668	3551.8	3980.4	4227	5136.2	0	0	0	0	0	0	0	0	0	0	0	0	0	0	0	0	0	0	0	0	0	0	0	0	0	0	0	0	0	0	0	0	0	0	0	0	0	0	0	0	0	0	0	0	0	0	0	0	0	0	0	0	0	0
12/13/2024 7:08:00 PM	24	4348.2	4875.4	4198.2	4126.4	4204.2	4036.2	4179.4	4175	4679.2	5795.2	3866.2	4261.6	4219.4	4276.8	4411	4214.2	4310.6	4184.4	5361.2	4128.6	3948.2	4467.2	4433.6	4392.6	4334	4325.2	4305.4	4491	3867.8	3668.6	4150.6	4037.2	4046.6	4414.6	4409.4	4285	5228.8	3945.4	4583.2	4054.6	3996	3874.4	4760.4	4771.6	4764.2	4173	4882.8	3936.6	3689	3811.6	3704.6	4425.4	4651.8	5586	0	0	0	0	0	0	0	0	0	0	0	0	0	0	0	0	0	0	0	0	0	0	0	0	0	0	0	0	0	0	0	0	0	0	0	0	0	0	0	0	0	0	0	0	0	0	0	0	0	0	0	0	0	0
12/13/2024 11:08:00 PM	28	4557.4	5114.4	4380.2	4300.8	4382.6	4215.4	4396.2	4386	4879.6	6029.8	3992	4350.8	4493.8	4537.8	4688	4430.4	4532.4	4390.2	5603.8	4259.4	4082.6	4733.8	4683.4	4659.4	4507	4487.6	4501.8	4663.4	3963	3757	4273.2	4191.8	4142.6	4603.8	4651.4	4516.2	5515.6	4128	4807.6	4187	4081.8	3963.2	5140.8	5167.6	5197.2	4326.6	4995.6	4040.6	3750.4	3877.6	3807.4	4828.2	5077	5979.8	0	0	0	0	0	0	0	0	0	0	0	0	0	0	0	0	0	0	0	0	0	0	0	0	0	0	0	0	0	0	0	0	0	0	0	0	0	0	0	0	0	0	0	0	0	0	0	0	0	0	0	0	0	0
12/14/2024 3:08:00 AM	32	4731.8	5238.2	4494.6	4454.4	4528	4331.6	4520.2	4557.2	5051.8	6168.2	4066.6	4413.4	4743.8	4758.8	4923.4	4568.2	4703.8	4545.8	5797.4	4327	4155.2	4958.4	4896.6	4879	4615.6	4628.6	4651.8	4820.4	3989.2	3799.2	4361	4308.4	4185	4723	4817.6	4691.2	5731.2	4300.8	5020.2	4277.8	4153.8	4056.2	5575	5575.4	5623	4441	5123	4100.2	3769	3914	3850.4	5252.4	5559.6	6383.2	0	0	0	0	0	0	0	0	0	0	0	0	0	0	0	0	0	0	0	0	0	0	0	0	0	0	0	0	0	0	0	0	0	0	0	0	0	0	0	0	0	0	0	0	0	0	0	0	0	0	0	0	0	0
12/14/2024 7:08:00 AM	36	4834.6	5383.6	4607.6	4598.8	4622.4	4434.8	4648	4723.8	5232	6361.2	4152.8	4438.4	4932.6	4912.6	5128.8	4700.6	4870	4692.6	5921.8	4371	4217	5153.6	5103.2	5128	4711.8	4740.6	4774	4959.4	4040	3841.4	4422.4	4352.4	-4.294932E+08	4837.2	4965	4824	6002.2	4435.8	5178.4	4363.2	4190.2	4089.8	5949.6	6031.6	6045.6	4574	5239	4116.8	3802	3930	3877.6	5675.2	6002.6	6760.2	0	0	0	0	0	0	0	0	0	0	0	0	0	0	0	0	0	0	0	0	0	0	0	0	0	0	0	0	0	0	0	0	0	0	0	0	0	0	0	0	0	0	0	0	0	0	0	0	0	0	0	0	0	0
12/14/2024 11:08:00 AM	40	4961.6	5485	4686	4736.2	4724.4	4517.4	4733.6	4868.8	5347.4	6479.4	4196.8	4469.4	5102.6	5107.2	5317.2	4813.8	5010.6	4839	6002.2	4417	4228	5381	5304.4	5325.4	4821.2	4849.8	4849.6	5101.4	4045.4	3848	4497.6	4441.2	4307.2	4894	5077.2	4984	6225.4	4561.4	5344.2	4411.4	4225.4	4108.2	6308.2	6413.2	6465.8	4657.8	5272.6	4152.2	3803.4	3943.4	3907.4	6079.2	6455	7189.2	0	0	0	0	0	0	0	0	0	0	0	0	0	0	0	0	0	0	0	0	0	0	0	0	0	0	0	0	0	0	0	0	0	0	0	0	0	0	0	0	0	0	0	0	0	0	0	0	0	0	0	0	0	0
12/14/2024 3:08:00 PM	44	5070	5632.6	4753	4853.6	4801.6	4589.4	4857.6	4994.2	5514.2	6635.2	4248.2	4518.4	5306.4	5287.2	5541.4	4933.2	5176.4	5008	6152.8	4424	4274.6	5562.4	5504.4	5573.6	4922.8	4946.2	4987.6	5265.2	4076	3874	4565.8	4485.4	4384.8	4946.8	5174	5102.8	6425.8	4721	5457.8	4428	4270.2	4126.4	6613.8	6758.2	6806	4754	5390.8	4162.2	3840	3963.8	3902.4	6484.6	6803	7544.6	0	0	0	0	0	0	0	0	0	0	0	0	0	0	0	0	0	0	0	0	0	0	0	0	0	0	0	0	0	0	0	0	0	0	0	0	0	0	0	0	0	0	0	0	0	0	0	0	0	0	0	0	0	0
12/14/2024 7:08:00 PM	48	5199.4	5610.8	4803.8	4939.2	4842.6	4667.2	4917.8	5093	5603.8	6701.2	4279.2	4530.6	5457.4	5444	5732.6	5087.6	5332.6	5188.8	6282.4	4446	4313.8	5740	5702	5771	5067.8	5063.2	5096.8	5389.2	4094.2	3890.8	4666.2	4546.2	4441	5045.2	5311.4	5229	6667.4	4866.4	5649.2	4466	4314.4	4137	6859.6	7029.2	7078.8	4821.8	5398.2	4126.4	3826.6	3975.8	3946.2	6805.8	7111.4	7792.2	0	0	0	0	0	0	0	0	0	0	0	0	0	0	0	0	0	0	0	0	0	0	0	0	0	0	0	0	0	0	0	0	0	0	0	0	0	0	0	0	0	0	0	0	0	0	0	0	0	0	0	0	0	0
12/14/2024 11:08:00 PM	52	5219.4	5695.8	4815.8	5036.8	4933.6	4714.2	5016.8	5208.6	5668.6	6769	4314.8	4505	5650.4	5599.8	5911.4	5226.4	5489.8	5359.8	6452.8	4465.4	4311.6	5937	5946.8	6026.6	5177	5183.2	5218.8	5453.6	4135.4	3933.6	4719.2	4653.6	4546	5141.6	5379.4	5325.6	6896.6	5063.6	5780.6	4490.8	4373	4145.8	7057.2	7266.8	7367.2	4802.8	5359.6	4042.2	3862.2	4026.4	4014.4	7111	7372.4	8069.4	0	0	0	0	0	0	0	0	0	0	0	0	0	0	0	0	0	0	0	0	0	0	0	0	0	0	0	0	0	0	0	0	0	0	0	0	0	0	0	0	0	0	0	0	0	0	0	0	0	0	0	0	0	0
12/15/2024 3:08:00 AM	56	5225.4	5646.6	4821.4	5097	4977.4	4753.4	5045.2	5291	5792	6802.4	4336	4492.2	5832.4	5796.6	6078.8	5388	5634	5533	6491.4	4494.4	4326.6	-4.294918E+08	6157.4	6258.8	5309	5315.6	5292	5573.4	4183.4	3988.6	4831.4	4742.6	4661	5243.4	5536.8	5446.6	7109	5246.6	5938	4576.4	4424.2	4166.4	7225.2	7427.2	7558.6	4816.8	5284.2	3968.6	3911.8	4086.2	4059.2	7360.2	7632.6	8260.8	0	0	0	0	0	0	0	0	0	0	0	0	0	0	0	0	0	0	0	0	0	0	0	0	0	0	0	0	0	0	0	0	0	0	0	0	0	0	0	0	0	0	0	0	0	0	0	0	0	0	0	0	0	0
12/15/2024 7:08:00 AM	60	5287.8	5681.2	4785.2	5143.8	4993.2	4789.8	5067	5354.8	5841.8	6816.6	4376.4	4490.2	6008.4	6002.8	6270.4	5533.2	5793.2	5678.2	6643.6	4507.8	4378.4	6368.4	6383	6520.2	5444	5468.2	5407.4	5650.2	4204.4	3996.4	4924.6	4869.6	4764.6	5330	5655.4	5539.6	7247	5450.6	6073.6	4621.4	4472.8	4210.4	7383.8	7571.4	7701.6	4809.2	5233.6	3877.4	3933.2	4124.8	4067.4	7548	7814	8539.6	0	0	0	0	0	0	0	0	0	0	0	0	0	0	0	0	0	0	0	0	0	0	0	0	0	0	0	0	0	0	0	0	0	0	0	0	0	0	0	0	0	0	0	0	0	0	0	0	0	0	0	0	0	0
12/15/2024 11:08:00 AM	64	5320.2	5655.2	4759.6	5185	5002.6	4796.2	5073.8	5373.4	5839.2	6857.6	4330.8	4414	6250.2	6137.4	6451.2	5667.6	5936.8	5799.6	6644	4484.6	4388.8	6592.2	6593.6	6765.6	5582.8	5530.6	5475	5725.2	4185.4	4026.4	5037.4	4969.4	4906	5441	5765	5646.2	7411.6	5610	6193.4	4683.4	4514.6	4221.4	7480.4	7687.2	7873	4808.8	5209.6	3799.8	3961.2	4122.4	4087.8	7704.2	7928.6	8732.4	0	0	0	0	0	0	0	0	0	0	0	0	0	0	0	0	0	0	0	0	0	0	0	0	0	0	0	0	0	0	0	0	0	0	0	0	0	0	0	0	0	0	0	0	0	0	0	0	0	0	0	0	0	0
12/15/2024 3:08:00 PM	68	5296.2	5666.6	4714.4	5230.6	4979.6	4769.6	5069.8	5388.2	5823.6	6861.6	4309.8	4381.4	6471.2	6362.8	6636.2	5797.6	6081	5932.8	6653.4	4485.4	4352.8	6831	6850	6972.6	5701	5661.8	5611.2	5779.4	4173.2	3979.2	5155.6	5048.2	5008.2	5555.8	5881.6	5745	7553.4	5773.2	6319.2	4735.6	4537.6	4234.8	7619.2	7843	7980.6	4751	5115.8	3662.2	3966	-4.294932E+08	4075.6	7808.6	8006.6	8865.4	0	0	0	0	0	0	0	0	0	0	0	0	0	0	0	0	0	0	0	0	0	0	0	0	0	0	0	0	0	0	0	0	0	0	0	0	0	0	0	0	0	0	0	0	0	0	0	0	0	0	0	0	0	0
12/15/2024 7:08:00 PM	72	5290.2	5659.6	4688.4	5230.8	4998.2	4783.2	5110.8	5400	5847.4	6881.2	4266.8	4307.2	6657.2	6515	6802	5929.4	6205	6022.8	6733.6	4467.2	4341.6	7050.6	7009	7192	5822.6	5764.4	5675	5825.6	4143.8	3934	5238.6	5156.4	5098	5633	5997.2	5858.4	7679.4	5920.2	6429.4	4791.2	4563.2	4230.8	7712.4	7971.8	8081.8	4756.8	5081.4	3547.8	4005.4	4160.4	4102.8	7976.4	8121	8979.8	0	0	0	0	0	0	0	0	0	0	0	0	0	0	0	0	0	0	0	0	0	0	0	0	0	0	0	0	0	0	0	0	0	0	0	0	0	0	0	0	0	0	0	0	0	0	0	0	0	0	0	0	0	0
12/15/2024 11:08:00 PM	76	5296.6	5608	4679.8	5288.2	5031.2	4824.4	5139	5450.6	5949	6905.4	4217.8	4245.6	6799.2	6634.6	6945.4	6075.2	6298.2	6140.2	6871.2	4477.8	4334.2	7236.2	7185	7353.6	5901.2	5849	5770.4	5857.6	4128.4	3926.8	5312.8	5195	5157.6	5726.4	6119.4	5960	7783.8	6013.2	6535	4827.2	4621.6	4268.2	7867.4	8080.6	8154	4732.2	4964	3477.2	3988.6	4180.8	4095	8117	8216.6	9025.6	0	0	0	0	0	0	0	0	0	0	0	0	0	0	0	0	0	0	0	0	0	0	0	0	0	0	0	0	0	0	0	0	0	0	0	0	0	0	0	0	0	0	0	0	0	0	0	0	0	0	0	0	0	0
12/16/2024 3:08:00 AM	80	5286.8	5596.6	4616.2	5307.6	5061	4839.6	5179.2	5493	5979	6820.6	4197	4142.4	6966.8	6765.6	7099.8	6174.8	6396	6215.2	6861.8	4454.4	4335	7440.8	7376.8	7513.4	6008.2	5940.4	5879.2	5903.8	4112.8	3882.8	5411.6	5274.6	5241	5833.4	6181.8	6034.8	7933.4	6150.4	6624	4877.2	4631.6	4249	7930.4	8173.8	8252.2	4727.6	4883.6	3389.8	4014.6	4165.6	4078.8	8222.8	8241	9091	0	0	0	0	0	0	0	0	0	0	0	0	0	0	0	0	0	0	0	0	0	0	0	0	0	0	0	0	0	0	0	0	0	0	0	0	0	0	0	0	0	0	0	0	0	0	0	0	0	0	0	0	0	0
12/16/2024 7:08:00 AM	84	5297.8	5574.2	4563.2	5369	5081.2	4851.4	5217.6	5505.8	6008.4	6803.6	4129.2	4073.6	7093	6850.4	7212.4	6298.8	6468.4	6332.4	6950.4	4421.4	4339	7535	7533.2	7662.6	6106.2	6033	5937	5963.6	4086	3844.6	5459.2	5338.2	5315.8	5883.4	6235.6	6140	8128.4	6276.8	6712.6	4928	4641.6	4230.4	8015.2	8267.2	8306.2	4667.4	4805.8	3280	4019.4	4178.2	4117	8276	8384.2	9214.8	0	0	0	0	0	0	0	0	0	0	0	0	0	0	0	0	0	0	0	0	0	0	0	0	0	0	0	0	0	0	0	0	0	0	0	0	0	0	0	0	0	0	0	0	0	0	0	0	0	0	0	0	0	0
12/16/2024 11:08:00 AM	88	5303.8	5612.6	4495.8	5415	5101.6	4854.8	5277.4	5574	6066.4	6705.6	4063.4	3993	7185.8	6936.2	7297	6358.4	6554	6416	6946.2	4439.6	4328	7644.6	7610.2	7759.6	6193.8	6105	6011.4	5938.8	4034.6	3783	5519.8	5419.2	5389.8	5967.8	6347	6176.4	8193.4	6350.4	6788.8	4970	4643.2	4236	8059.8	8313.4	8342.2	4647	4767.4	3199	4016.6	4184	4099	8308.2	8361.8	9237	0	0	0	0	0	0	0	0	0	0	0	0	0	0	0	0	0	0	0	0	0	0	0	0	0	0	0	0	0	0	0	0	0	0	0	0	0	0	0	0	0	0	0	0	0	0	0	0	0	0	0	0	0	0
12/16/2024 3:08:00 PM	92	5308.4	5674.2	4483.8	5497.6	5171.4	4908.8	5327.6	5627.4	6213.2	6695.6	4000	3942.6	7241	7016.8	7360.6	6412	6615.6	6503.4	7071.6	4423.2	4291	7733	7697.2	7788.2	6261.2	6193.4	6046.8	5989.6	3972.4	3748.2	5541	5414.8	5423.2	6030.4	6407	6251.8	8336.6	6420.6	6875	4988.4	4660.2	4246.4	8108.8	8295.8	8417.8	4661	4732.2	3117.8	3989.4	4159	4073.6	8389.2	8413.8	9303.4	0	0	0	0	0	0	0	0	0	0	0	0	0	0	0	0	0	0	0	0	0	0	0	0	0	0	0	0	0	0	0	0	0	0	0	0	0	0	0	0	0	0	0	0	0	0	0	0	0	0	0	0	0	0
12/16/2024 7:08:00 PM	96	5372.8	5602.4	4478	5560.2	5192.8	4931.4	5374.8	5727.4	6281.8	6641.8	3940.4	3865.6	7323.4	7107.4	7417	6496.4	6692	6634	7041.6	4425.6	4296.8	7799.2	7739.6	7850.2	6322.4	6228.8	6175.2	6026.4	3946.4	3714.4	5599.2	5500.2	5499	6061.8	6446.6	6371.8	8444.4	6475.8	6954.4	4995.4	4676	4261.6	8116.6	8353	8452.6	4664.4	4712.6	3041.8	4036.6	4202	4110.6	8384.6	8336.2	9266	0	0	0	0	0	0	0	0	0	0	0	0	0	0	0	0	0	0	0	0	0	0	0	0	0	0	0	0	0	0	0	0	0	0	0	0	0	0	0	0	0	0	0	0	0	0	0	0	0	0	0	0	0	0
12/16/2024 11:08:00 PM	100	5385.2	5561.6	4440	5589.2	5207.2	4958.6	5415.6	5754.2	6349.6	6637.2	3940.2	3852.8	7394.8	7153	7478.4	6559.6	6775.2	6670	7076.2	4446.8	4329.8	7803.6	7831.6	7942.6	6382.2	6264.4	6242.6	6082	3935.4	3694.6	5621.8	5583.2	5560	6145.2	6509.2	6423.4	8524.8	6538.8	6989.8	5039.6	4695.4	4282.6	8085.4	8351.8	8437	4646.6	4631	3000.4	4055.4	4217.4	4154.4	8380.4	8367.2	9299.4	0	0	0	0	0	0	0	0	0	0	0	0	0	0	0	0	0	0	0	0	0	0	0	0	0	0	0	0	0	0	0	0	0	0	0	0	0	0	0	0	0	0	0	0	0	0	0	0	0	0	0	0	0	0
12/17/2024 3:08:00 AM	104	5400.2	5598.4	4413	5634.8	5218.6	4984.4	5510.4	5806	6436	6689.8	3926	3817.4	7449.2	7232.6	7510	6605.8	6845	6795.6	7184.8	4441.4	4333	7808.6	7855	7964.6	6419.8	6318.2	6284.6	6135.4	3919.6	3692.6	5714.8	5617.8	5570.6	6192.2	6539.4	6505.2	8570.4	6659.6	7110.6	5112.2	4746	4291	8117.6	8353	8430.6	4628	4699.2	3002.4	4093.4	4289.6	4198.4	8415.6	8284.2	9331.2	0	0	0	0	0	0	0	0	0	0	0	0	0	0	0	0	0	0	0	0	0	0	0	0	0	0	0	0	0	0	0	0	0	0	0	0	0	0	0	0	0	0	0	0	0	0	0	0	0	0	0	0	0	0
12/17/2024 7:08:00 AM	108	5343.6	5551.8	4391.4	5692	5273	5039.8	5565	5865.6	6509.6	6658.6	3909	3809.8	7475.4	7269.4	7574.4	6674.8	6881.4	6832.8	7218.2	4500.4	4367.8	7839.8	7847.6	7955.6	6472.6	6378	6350.2	6201.2	3960	3747.4	5762.4	5665.8	5635	6250.4	6602.2	6588	8636	6674.2	7165.8	5144.8	4777.4	4327.8	8090.4	8353.2	8408.4	4647.8	4669.4	3007.4	4151	4318.4	4262.8	8378.8	8092.4	9258.4	0	0	0	0	0	0	0	0	0	0	0	0	0	0	0	0	0	0	0	0	0	0	0	0	0	0	0	0	0	0	0	0	0	0	0	0	0	0	0	0	0	0	0	0	0	0	0	0	0	0	0	0	0	0
12/17/2024 11:08:00 AM	112	5482.2	5716.4	4422.8	5810.4	5346.6	5108.8	5652	5964.2	6771.2	6687.2	3923.2	3817	7562	7326	7615.6	6740.2	6936.8	6946.8	7235.6	4496.8	4375.4	7835	7867.2	7947.6	6523.8	6483.6	6408	6269.8	3952.8	3744.4	5756.2	5702.4	5664.2	6279.2	6680.8	6645.2	8756	6737	7201.4	5130.8	4801.6	4348	8071.4	8334.2	8408.8	4654	4639.6	3004.2	4106.4	4268.8	4207.4	8363.2	8085.4	9222.2	0	0	0	0	0	0	0	0	0	0	0	0	0	0	0	0	0	0	0	0	0	0	0	0	0	0	0	0	0	0	0	0	0	0	0	0	0	0	0	0	0	0	0	0	0	0	0	0	0	0	0	0	0	0
12/17/2024 3:08:00 PM	116	5465.8	5733.8	4436.6	5881.8	5412.4	5183.6	5728.2	6021	6813.2	6706.2	3949.2	3857.6	7566.4	7388.2	7676.8	6810.2	6981	7007.2	7309.6	4543	4411.8	7824.8	7834.4	7955.4	6566.8	6510.2	6470.6	6343.6	3992.4	3764.6	5796.8	5728.8	5728.6	6343.6	6733.2	6711.8	8812.8	6831.2	7259	5177.8	4833.2	4406.4	8032.8	8309.2	8381.2	4692	4665	3027	4157.8	4320.2	4271.4	8284	8016.4	9176.6	0	0	0	0	0	0	0	0	0	0	0	0	0	0	0	0	0	0	0	0	0	0	0	0	0	0	0	0	0	0	0	0	0	0	0	0	0	0	0	0	0	0	0	0	0	0	0	0	0	0	0	0	0	0
12/17/2024 7:08:00 PM	120	5560.2	5769.8	4420.8	5958.6	5480.6	5240.2	5786.2	6090.8	6933.6	6741.8	3969.6	3872.6	7598.4	7379.6	7707	6876.4	7010	7050	7326.8	4555.4	4474.6	7836.8	7854	7928.2	6616.6	6563.4	6573.6	6389	4006.6	3809.2	5861	5781.4	5769	6418.2	6770	6780.6	8832.6	6886.8	7281.6	5238.2	4874	4439.8	7961.2	8277.6	8296.2	4772.6	4727.4	3039.2	4211.4	4371.6	4310.8	8305.8	8091.6	9165.8	0	0	0	0	0	0	0	0	0	0	0	0	0	0	0	0	0	0	0	0	0	0	0	0	0	0	0	0	0	0	0	0	0	0	0	0	0	0	0	0	0	0	0	0	0	0	0	0	0	0	0	0	0	0
12/17/2024 11:08:00 PM	124	5591.4	5808.8	4452.6	6006	5522	5283	5849	6158.2	7047.6	6855.6	3995.2	3903.8	7589.4	7397.2	7721	6916	7048.6	7146.2	7362.2	4623.2	4497.6	7803.2	7840.8	7913	6674.6	6601	6614.2	6491.6	4047	3843.2	5889.6	5845.8	5847.4	6459	6824.8	6845.2	8935.6	6977.8	7344.4	5294.4	4904.6	4489	7947.4	8236.4	8332.2	4781	4805.4	3067.2	4267.8	4424.4	4391	8249.4	7973.4	9143.4	0	0	0	0	0	0	0	0	0	0	0	0	0	0	0	0	0	0	0	0	0	0	0	0	0	0	0	0	0	0	0	0	0	0	0	0	0	0	0	0	0	0	0	0	0	0	0	0	0	0	0	0	0	0
12/18/2024 3:08:00 AM	128	5661.8	5833.4	4487.4	6060.2	5556	5333.2	5895.4	6256.8	7075	6910.6	4039.4	3927.4	7637.8	7434.2	7722.6	6983.4	7095.2	7189.8	7471.2	4663.8	4544.6	7831	7822.4	7921.6	6716.2	6673.6	6659.8	6510	4116.8	3870	5962.8	5919.2	5898.8	6506.8	6858.4	6938.2	8999.6	6999.8	7375.6	5382.6	4959	4521.2	7948.4	8218.8	8261.8	4857.4	4804.6	3122.2	4359.4	4491.8	4424.6	8208.6	8271	9085.6	0	0	0	0	0	0	0	0	0	0	0	0	0	0	0	0	0	0	0	0	0	0	0	0	0	0	0	0	0	0	0	0	0	0	0	0	0	0	0	0	0	0	0	0	0	0	0	0	0	0	0	0	0	0
12/18/2024 7:08:00 AM	132	5702	5888.2	4536.6	6134	5585.4	5390.2	5993.2	6306	7147	6962.2	4048.8	3960.6	7636.6	7442	7739.8	7014.4	7152.6	7268.4	7576.8	4692.8	4621.8	7757.8	7837.4	7907.6	6748.4	6734.4	6711	6622.8	4153.6	3922	6011.8	5968.4	5955.4	6568.6	6896.6	6967.6	9041.2	7050.4	7480	5434.2	5007.8	4593	7856	8192.8	8225.2	4833.2	4871.6	3141.6	4417.6	4521.2	4499.2	8187.4	8250.6	9060.2	0	0	0	0	0	0	0	0	0	0	0	0	0	0	0	0	0	0	0	0	0	0	0	0	0	0	0	0	0	0	0	0	0	0	0	0	0	0	0	0	0	0	0	0	0	0	0	0	0	0	0	0	0	0
12/18/2024 11:08:00 AM	136	5786.8	5908.6	4550.8	6201.8	5689.2	5456	6036	6378.8	7180.2	7032	4098	4019	7634.4	7480.8	7761.6	7077.4	7190.8	7312.8	7580	4774.6	4667.2	7718.4	7780.6	7903.4	6772.4	6733	6775	6677	4198	3957.6	6070.6	6012.4	6023	6593.6	6924.6	7029.4	9039	7100.8	7494.8	5491.6	5081.6	4662.6	7792.6	8150	8134.6	4973.2	4907.8	3180.2	4466	4629.2	4566.2	8120.6	8192.8	8913	0	0	0	0	0	0	0	0	0	0	0	0	0	0	0	0	0	0	0	0	0	0	0	0	0	0	0	0	0	0	0	0	0	0	0	0	0	0	0	0	0	0	0	0	0	0	0	0	0	0	0	0	0	0
12/18/2024 3:08:00 PM	140	5804.6	5960.6	4596.6	6286.2	5697.8	5492.6	6076.2	6426.6	7190.8	7057.2	4149.4	4045.6	7635.8	7507.8	7752.2	7133.4	7218.4	7406.2	7647	4836.2	4708.4	7703.2	7759.8	7850.8	6845.2	6817	6822.4	6755.8	4230.8	3998.2	6106.2	6068.8	6087.2	6664	6995.4	7104.4	9126	7145.6	7539.4	5550.8	5123.2	4697.8	7770.8	8075.2	8113.6	4875.8	4959.6	3219.6	4485.6	4664.6	4604.2	8091.6	8155.2	8914.2	0	0	0	0	0	0	0	0	0	0	0	0	0	0	0	0	0	0	0	0	0	0	0	0	0	0	0	0	0	0	0	0	0	0	0	0	0	0	0	0	0	0	0	0	0	0	0	0	0	0	0	0	0	0
12/18/2024 7:08:00 PM	144	5837.6	5952.6	4649.6	6310.8	5749	5510.2	6110.4	6499	7277.4	7118.4	4187.4	4083.4	7598.6	7470.4	7750	7154.2	7241.2	7433.6	7746	4892.8	4781.6	7626.2	7725.4	7828.2	6866.6	6830.8	6856.6	6843.6	4301.2	4048.6	6168.8	6133.6	6130.6	6686.4	7009.8	7094	9151	7175.6	7549.6	5605.6	5180.2	4755.4	7732.4	8026.6	8084.2	4960.8	5062.2	3224.6	4575.2	4737.6	4703.6	8063.2	8113.4	8861.4	0	0	0	0	0	0	0	0	0	0	0	0	0	0	0	0	0	0	0	0	0	0	0	0	0	0	0	0	0	0	0	0	0	0	0	0	0	0	0	0	0	0	0	0	0	0	0	0	0	0	0	0	0	0
12/18/2024 11:08:00 PM	148	5888.6	5996.6	4719.6	6328.2	5805.4	5559.4	6136	6503.4	7276.4	7293	4244.2	4142.6	7574.4	7493.4	7773.6	7168.2	7236.2	7479.4	7859.2	4926.2	4836.8	7587.8	7703	7763.8	6852	6866.8	6878.8	6937.2	4330.8	4110.4	6215	6152.6	6170	6717.6	7040.6	7089	9213.8	7214.8	7596.4	5698	5245.6	4833.8	7758.4	7971.8	8074.6	5123.2	5138	3279.8	4624	4793.8	4770.2	8079.8	8112.2	8860.2	0	0	0	0	0	0	0	0	0	0	0	0	0	0	0	0	0	0	0	0	0	0	0	0	0	0	0	0	0	0	0	0	0	0	0	0	0	0	0	0	0	0	0	0	0	0	0	0	0	0	0	0	0	0
12/19/2024 3:08:00 AM	152	5931.4	6013.6	4742.4	6357.8	5816.2	5596.6	6198	6580.6	7346.8	7329.4	4280.4	4193.4	7570	7466.8	7763.6	7181.2	7261.2	7486.4	7974	5003	4929.6	7597.2	7671.6	7726	6900.8	6905.6	6926.4	7002.8	4397.4	4139.4	6260.8	6215.2	6217	6771.2	7065.4	7136	9265	7249.2	7590	5756.2	5293.4	4882.2	7687.4	7892.4	8040.4	5213.4	5180.4	3297	4703.6	4904.6	4843	8082.4	8021.6	8900.2	0	0	0	0	0	0	0	0	0	0	0	0	0	0	0	0	0	0	0	0	0	0	0	0	0	0	0	0	0	0	0	0	0	0	0	0	0	0	0	0	0	0	0	0	0	0	0	0	0	0	0	0	0	0
12/19/2024 7:08:00 AM	156	5963	6021.6	4808.2	6417.2	5872.4	5622	6217.2	6614	7337.6	7397.4	4308.4	4230	7528.8	7460.8	7743.4	7225.6	7265.8	7537.2	8028.2	5034.6	4932	7560.6	7622	7683.6	6929.6	6949.2	6964.2	7027.8	4448	4205.8	6303.8	6257.4	6261	6780.4	7084.2	7182.8	9292.8	7260.6	7567.6	5798.2	5326.4	4939	7651.2	7853.8	7976.8	5259.6	5190.4	3359.6	4742.8	4914.6	4886.2	7978.6	7975	8794.8	0	0	0	0	0	0	0	0	0	0	0	0	0	0	0	0	0	0	0	0	0	0	0	0	0	0	0	0	0	0	0	0	0	0	0	0	0	0	0	0	0	0	0	0	0	0	0	0	0	0	0	0	0	0
12/19/2024 11:08:00 AM	160	6030	6055.2	4822.8	6468.8	5924.2	5699	6252	6637.8	7421.2	7428	4364.4	4274.6	7522.8	7394.2	7725.6	7198.4	7270.4	7579.4	8057.8	5055.2	4976	7572.6	7586	7591.4	6934.4	6957	6997.4	7059.2	4484	4228.8	6308.2	6276.6	6346.8	6823.2	7055.6	7177.2	9334.4	7278.4	7574	5843.2	5374	4965.6	7593	7811	7899.8	5334.2	5229.6	3407	4777.2	4944.8	4903.6	7970.4	7972	8782.4	0	0	0	0	0	0	0	0	0	0	0	0	0	0	0	0	0	0	0	0	0	0	0	0	0	0	0	0	0	0	0	0	0	0	0	0	0	0	0	0	0	0	0	0	0	0	0	0	0	0	0	0	0	0
12/19/2024 3:08:00 PM	164	6070.2	6104.6	4848.6	6502	5944.6	5723	6275	6703.8	7433.6	7510.2	4409.6	4329.2	7471.6	7399.4	7686.8	7219.2	7291.2	7597	8116	5107.8	5028	7540.2	7578.4	7592.6	6932.4	6979.4	7015	7111	4535.8	4275.8	6342.6	6291	6330.2	6815.2	7089.2	7169.8	9324.8	7312.4	7592.4	5873.4	5404.2	5024.2	7639.2	7752.2	7883.6	5363.2	5305.4	3453.6	4813.4	4982	4931	7927.4	7915	8697	0	0	0	0	0	0	0	0	0	0	0	0	0	0	0	0	0	0	0	0	0	0	0	0	0	0	0	0	0	0	0	0	0	0	0	0	0	0	0	0	0	0	0	0	0	0	0	0	0	0	0	0	0	0
12/19/2024 7:08:00 PM	168	6116	6160.6	4902.8	6562.4	5998	5743	6298	6734.2	7398.8	7522.8	4428.6	4370.8	7426.8	7372	7667.4	7238.2	7289	7575	8047.2	5175.4	5071.8	7439.6	7552.4	7565	7000.2	6981.2	7048.2	7156.4	4598.4	4337.4	6380.4	6331.2	6374.4	6867.2	7100.8	7195.6	9319.2	7281.4	7573.4	5915.8	5443.6	5039.6	7552	7742	7815	5353.6	5335	3562.2	4856	5042.2	4964.2	7848.6	7892.2	8661.2	0	0	0	0	0	0	0	0	0	0	0	0	0	0	0	0	0	0	0	0	0	0	0	0	0	0	0	0	0	0	0	0	0	0	0	0	0	0	0	0	0	0	0	0	0	0	0	0	0	0	0	0	0	0
