Vessel Name: 20241219_TCSL250_wk2_incucyte_DBG
Metric: Total Red Object Integrated Intensity (RCU x µm²/Image)
Cell Type: 
Passage: 1
Notes: 
Analysis: MGF_TRACHYB013_analysis

Date Time	Elapsed	B2	B3	B4	B5	B6	B7	B8	B9	B10	C2	C3	C4	C5	C6	C7	C8	C9	C10	D2	D3	D4	D5	D6	D7	D8	D9	D10	E2	E3	E4	E5	E6	E7	E8	E9	E10	F2	F3	F4	F5	F6	F7	F8	F9	F10	G2	G3	G4	G5	G6	G7	G8	G9	G10
12/19/2024 10:00:00 PM	0	3.755046E+07	3.737121E+07	3.60162E+07	3.590226E+07	3.50375E+07	3.316341E+07	3.096246E+07	2.94629E+07	2.914977E+07	3.736371E+07	3.651029E+07	3.548242E+07	4.309196E+07	3.408948E+07	3.582843E+07	3.088956E+07	3.017687E+07	2.679282E+07	3.854828E+07	3.965251E+07	3.629974E+07	3.900848E+07	3.899018E+07	3.577823E+07	3.143951E+07	2.963381E+07	2.897696E+07	3.583131E+07	3.743333E+07	4.036182E+07	4.047533E+07	4.118653E+07	3.703876E+07	2.96429E+07	3.137429E+07	2.828629E+07	3.481383E+07	3.621713E+07	3.793262E+07	4.044721E+07	3.882162E+07	3.426769E+07	3.095588E+07	2.971403E+07	2.808636E+07	3.628361E+07	3.647636E+07	3.418996E+07	4.519058E+07	4.291186E+07	3.946314E+07	4.690448E+07	4.634266E+07	3.843263E+07
12/20/2024 2:00:00 AM	4	4.046074E+07	4.018878E+07	3.887721E+07	3.869004E+07	3.772369E+07	3.604084E+07	3.381148E+07	3.223405E+07	3.195766E+07	4.016733E+07	3.912356E+07	3.771528E+07	4.463241E+07	3.642332E+07	3.808852E+07	3.356606E+07	3.290111E+07	2.944075E+07	4.141412E+07	4.229343E+07	3.877432E+07	4.130839E+07	4.121583E+07	3.837112E+07	3.398508E+07	3.227057E+07	3.1774E+07	3.869471E+07	4.016776E+07	4.259748E+07	4.240428E+07	4.295486E+07	3.952822E+07	3.216614E+07	3.402646E+07	3.088894E+07	3.770408E+07	3.901986E+07	4.05885E+07	4.206496E+07	4.096651E+07	3.682542E+07	3.312167E+07	3.229886E+07	3.056323E+07	3.935754E+07	3.929946E+07	3.682884E+07	4.707277E+07	4.543362E+07	4.223558E+07	4.869062E+07	4.794764E+07	4.02265E+07
12/20/2024 6:00:00 AM	8	4.379927E+07	4.358328E+07	4.197821E+07	4.11357E+07	4.076217E+07	3.906898E+07	3.685734E+07	3.539546E+07	3.522103E+07	4.31974E+07	4.110566E+07	3.905522E+07	4.506062E+07	3.820765E+07	3.96588E+07	3.579772E+07	3.588068E+07	3.224998E+07	4.44685E+07	4.399164E+07	4.036026E+07	4.245888E+07	4.234056E+07	4.03128E+07	3.614594E+07	3.496313E+07	3.443182E+07	4.183096E+07	4.198632E+07	4.402983E+07	4.341197E+07	4.34725E+07	4.076129E+07	3.447746E+07	3.608502E+07	3.316174E+07	4.086804E+07	4.12407E+07	4.218232E+07	4.302322E+07	4.186809E+07	3.850144E+07	3.490181E+07	3.446697E+07	3.278615E+07	4.229515E+07	4.206341E+07	3.921809E+07	4.675066E+07	4.675286E+07	4.338201E+07	4.967336E+07	4.99789E+07	4.237476E+07
12/20/2024 10:00:00 AM	12	4.670002E+07	4.629956E+07	4.440683E+07	4.217873E+07	4.285656E+07	4.142321E+07	3.936207E+07	3.839481E+07	3.827086E+07	4.548372E+07	4.254006E+07	4.062512E+07	4.619806E+07	3.972876E+07	4.140277E+07	3.77518E+07	3.774008E+07	3.463924E+07	4.681805E+07	4.530096E+07	4.212791E+07	4.371022E+07	4.381355E+07	4.202727E+07	3.824276E+07	3.729596E+07	3.634892E+07	4.423044E+07	4.33985E+07	4.558888E+07	4.47846E+07	4.475451E+07	4.259793E+07	3.638853E+07	3.778978E+07	3.523201E+07	4.336596E+07	4.289083E+07	4.37718E+07	4.381304E+07	4.299108E+07	3.973747E+07	3.668426E+07	3.618844E+07	3.458569E+07	4.532328E+07	4.369187E+07	4.071266E+07	4.758638E+07	4.730072E+07	4.461851E+07	5.105687E+07	5.112315E+07	4.406314E+07
12/20/2024 2:00:00 PM	16	4.931647E+07	4.840741E+07	4.61717E+07	4.347059E+07	4.461383E+07	4.331965E+07	4.157281E+07	4.099522E+07	4.121629E+07	4.705111E+07	4.42889E+07	4.24353E+07	4.688702E+07	4.152078E+07	4.296098E+07	3.979129E+07	3.966148E+07	3.674211E+07	4.853846E+07	4.680202E+07	4.391638E+07	4.518538E+07	4.526358E+07	4.440088E+07	4.018392E+07	3.955462E+07	3.814608E+07	4.607474E+07	4.501447E+07	4.7342E+07	4.628337E+07	4.618225E+07	4.446051E+07	3.863493E+07	3.977215E+07	3.696149E+07	4.542875E+07	4.427362E+07	4.540697E+07	4.439978E+07	4.367678E+07	4.122674E+07	3.84463E+07	3.803836E+07	3.664554E+07	4.789591E+07	4.51121E+07	4.232278E+07	4.908375E+07	4.829766E+07	4.598655E+07	5.226844E+07	5.186311E+07	4.491647E+07
12/20/2024 6:00:00 PM	20	5.127303E+07	5.016638E+07	4.750481E+07	4.55323E+07	4.587864E+07	4.486399E+07	4.298588E+07	4.300423E+07	4.349022E+07	4.882527E+07	4.592286E+07	4.403281E+07	4.791114E+07	4.303748E+07	4.441914E+07	4.160269E+07	4.118632E+07	3.836148E+07	4.973847E+07	4.817812E+07	4.567703E+07	4.663246E+07	4.67043E+07	4.567668E+07	4.201194E+07	4.139985E+07	4.008946E+07	4.758562E+07	4.63132E+07	4.88175E+07	4.76753E+07	4.747555E+07	4.604479E+07	4.061377E+07	4.133858E+07	3.866808E+07	4.695809E+07	4.563658E+07	4.690348E+07	4.595681E+07	4.479514E+07	4.277265E+07	3.996656E+07	3.973776E+07	3.844724E+07	5.000277E+07	4.638803E+07	4.388514E+07	4.981287E+07	4.908851E+07	4.733672E+07	5.306465E+07	5.250534E+07	4.604854E+07
12/20/2024 10:00:00 PM	24	5.313869E+07	5.14558E+07	4.877214E+07	4.68567E+07	4.66079E+07	4.618097E+07	4.427513E+07	4.451172E+07	4.53314E+07	5.007723E+07	4.742324E+07	4.5565E+07	4.875147E+07	4.435248E+07	4.558961E+07	4.319468E+07	4.268612E+07	4.001206E+07	5.067194E+07	4.948366E+07	4.711535E+07	4.76688E+07	4.787751E+07	4.693353E+07	4.367034E+07	4.297642E+07	4.18445E+07	4.873502E+07	4.755921E+07	5.015332E+07	4.89193E+07	4.857473E+07	4.725426E+07	4.22978E+07	4.284425E+07	4.027012E+07	4.819118E+07	4.682568E+07	4.807594E+07	4.704049E+07	4.579765E+07	4.422504E+07	4.142175E+07	4.12533E+07	4.00996E+07	5.159318E+07	4.76531E+07	4.539738E+07	5.0496E+07	5.025977E+07	4.849551E+07	5.361114E+07	5.300737E+07	4.698841E+07
12/21/2024 2:00:00 AM	28	5.461985E+07	5.247549E+07	4.995927E+07	4.789326E+07	4.748366E+07	4.724216E+07	4.549034E+07	4.609645E+07	4.68045E+07	5.164226E+07	4.868427E+07	4.675352E+07	4.918746E+07	4.533944E+07	4.658962E+07	4.444303E+07	4.382447E+07	4.130512E+07	5.180402E+07	5.03954E+07	4.833674E+07	4.852658E+07	4.882449E+07	4.792686E+07	4.498188E+07	4.424287E+07	4.313788E+07	4.983178E+07	4.856212E+07	5.105279E+07	4.996788E+07	4.937896E+07	4.815619E+07	4.36333E+07	4.40434E+07	4.144013E+07	4.933274E+07	4.775575E+07	4.907866E+07	4.770074E+07	4.63905E+07	4.513058E+07	4.247349E+07	4.24337E+07	4.146717E+07	5.303927E+07	4.884841E+07	4.663063E+07	5.084152E+07	5.083894E+07	4.94497E+07	5.400601E+07	5.334476E+07	4.781018E+07
12/21/2024 6:00:00 AM	32	5.574055E+07	5.333098E+07	5.084786E+07	4.850454E+07	4.860124E+07	4.799983E+07	4.633903E+07	4.718287E+07	4.790791E+07	5.221078E+07	4.957453E+07	4.763517E+07	4.947646E+07	4.591583E+07	4.718221E+07	4.53815E+07	4.479615E+07	4.233944E+07	5.249177E+07	5.114321E+07	4.902966E+07	4.898433E+07	4.929577E+07	4.861554E+07	4.588014E+07	4.536237E+07	4.41487E+07	5.047681E+07	4.956143E+07	5.166756E+07	5.057833E+07	4.979974E+07	4.873362E+07	4.46006E+07	4.46986E+07	4.257377E+07	5.007352E+07	4.846994E+07	4.968084E+07	4.803128E+07	4.660985E+07	4.578398E+07	4.303832E+07	4.339218E+07	4.248846E+07	5.447539E+07	4.989079E+07	4.759046E+07	5.089352E+07	5.154049E+07	4.993518E+07	5.435598E+07	5.365064E+07	4.819601E+07
12/21/2024 10:00:00 AM	36	5.65974E+07	5.396634E+07	5.153557E+07	4.89953E+07	4.914731E+07	4.848162E+07	4.690249E+07	4.817783E+07	4.877747E+07	5.285953E+07	5.016911E+07	4.810201E+07	4.928516E+07	4.605973E+07	4.753653E+07	4.588927E+07	4.512604E+07	4.298852E+07	5.290978E+07	5.14849E+07	4.941581E+07	4.910732E+07	4.966084E+07	4.891514E+07	4.635495E+07	4.600509E+07	4.48537E+07	5.105898E+07	4.986087E+07	5.199145E+07	5.082917E+07	4.986671E+07	4.89821E+07	4.529474E+07	4.506847E+07	4.332788E+07	5.058098E+07	4.871762E+07	5.001043E+07	4.808257E+07	4.657082E+07	4.592794E+07	4.337841E+07	4.387609E+07	4.321286E+07	5.518153E+07	5.05663E+07	4.839553E+07	5.081772E+07	5.17489E+07	5.021438E+07	5.452703E+07	5.372748E+07	4.842814E+07
12/21/2024 2:00:00 PM	40	5.705001E+07	5.382582E+07	5.193122E+07	4.933726E+07	4.934279E+07	4.875946E+07	4.735228E+07	4.878321E+07	4.914418E+07	5.303515E+07	5.054211E+07	4.828433E+07	4.917825E+07	4.614428E+07	4.755607E+07	4.619044E+07	4.560388E+07	4.338964E+07	5.317883E+07	5.17762E+07	4.955179E+07	4.911996E+07	4.963649E+07	4.898964E+07	4.679734E+07	4.640693E+07	4.524435E+07	5.124104E+07	5.016121E+07	5.205846E+07	5.08214E+07	4.98892E+07	4.900359E+07	4.566074E+07	4.541102E+07	4.376055E+07	5.06146E+07	4.906516E+07	5.020481E+07	4.795448E+07	4.63066E+07	4.593559E+07	4.343061E+07	4.415674E+07	4.359912E+07	5.602725E+07	5.102385E+07	4.887066E+07	5.072298E+07	5.188824E+07	5.025616E+07	5.439966E+07	5.364919E+07	4.839242E+07
12/21/2024 6:00:00 PM	44	5.778104E+07	5.404026E+07	5.233701E+07	4.935604E+07	4.95842E+07	4.883108E+07	4.752999E+07	4.935465E+07	4.971225E+07	5.323582E+07	5.049204E+07	4.837112E+07	4.889424E+07	4.605442E+07	4.763268E+07	4.632838E+07	4.59244E+07	4.373894E+07	5.328122E+07	5.177561E+07	4.969402E+07	4.903399E+07	4.963788E+07	4.889039E+07	4.696582E+07	4.654085E+07	4.556833E+07	5.134765E+07	5.014049E+07	5.216582E+07	5.082874E+07	4.978146E+07	4.90218E+07	4.589224E+07	4.571896E+07	4.419884E+07	5.083496E+07	4.912906E+07	5.008862E+07	4.781799E+07	4.620698E+07	4.595276E+07	4.375359E+07	4.41915E+07	4.390218E+07	5.664846E+07	5.124575E+07	4.907551E+07	5.026702E+07	5.169574E+07	5.01962E+07	5.427028E+07	5.34519E+07	4.846335E+07
12/21/2024 10:00:00 PM	48	5.789148E+07	5.425855E+07	5.260873E+07	4.933226E+07	4.962494E+07	4.8871E+07	4.770036E+07	4.971791E+07	5.00729E+07	5.331437E+07	5.052499E+07	4.813563E+07	4.867194E+07	4.602476E+07	4.75547E+07	4.631406E+07	4.601188E+07	4.392178E+07	5.33919E+07	5.165596E+07	4.966047E+07	4.880833E+07	4.952729E+07	4.875948E+07	4.700869E+07	4.663382E+07	4.569966E+07	5.140863E+07	5.038397E+07	5.20255E+07	5.059131E+07	4.963198E+07	4.889236E+07	4.5936E+07	4.59777E+07	4.438692E+07	5.082863E+07	4.92547E+07	4.999658E+07	4.768876E+07	4.597905E+07	4.590507E+07	4.385463E+07	4.412701E+07	4.405769E+07	5.69582E+07	5.136313E+07	4.934088E+07	4.99583E+07	5.182267E+07	5.019463E+07	5.438322E+07	5.319178E+07	4.846829E+07
12/22/2024 2:00:00 AM	52	5.819534E+07	5.432592E+07	5.271253E+07	4.939992E+07	4.953662E+07	4.893315E+07	4.777143E+07	4.988732E+07	5.032628E+07	5.326002E+07	5.04582E+07	4.794034E+07	4.841328E+07	4.611024E+07	4.741234E+07	4.63217E+07	4.597885E+07	4.392895E+07	5.321508E+07	5.145169E+07	4.951903E+07	4.864062E+07	4.946246E+07	4.858146E+07	4.69011E+07	4.65161E+07	4.567539E+07	5.139192E+07	5.003117E+07	5.197059E+07	5.041116E+07	4.91935E+07	4.879895E+07	4.586134E+07	4.604021E+07	4.454267E+07	5.083111E+07	4.911623E+07	4.983431E+07	4.74851E+07	4.590542E+07	4.570893E+07	4.381668E+07	4.406013E+07	4.411305E+07	5.698586E+07	5.138169E+07	4.938792E+07	4.94142E+07	5.177795E+07	4.996974E+07	5.406984E+07	5.32315E+07	4.861534E+07
12/22/2024 6:00:00 AM	56	5.825372E+07	5.417371E+07	5.289594E+07	4.933709E+07	4.947014E+07	4.879814E+07	4.785282E+07	4.995088E+07	5.044594E+07	5.289207E+07	5.011767E+07	4.752844E+07	4.81391E+07	4.601079E+07	4.715133E+07	4.624836E+07	4.593246E+07	4.397329E+07	5.298627E+07	5.141431E+07	4.923343E+07	4.832334E+07	4.922271E+07	4.819382E+07	4.68436E+07	4.640878E+07	4.564134E+07	5.148988E+07	4.97113E+07	5.156164E+07	5.01091E+07	4.892476E+07	4.844797E+07	4.570583E+07	4.595675E+07	4.443971E+07	5.056001E+07	4.891459E+07	4.961973E+07	4.717309E+07	4.553159E+07	4.561872E+07	4.383903E+07	4.393813E+07	4.40774E+07	5.696778E+07	5.098608E+07	4.918218E+07	4.901414E+07	5.13458E+07	4.936695E+07	5.41998E+07	5.291696E+07	4.859315E+07
12/22/2024 10:00:00 AM	60	5.80873E+07	5.432337E+07	5.299897E+07	4.926134E+07	4.937061E+07	4.865397E+07	4.794471E+07	4.999575E+07	5.052836E+07	5.242831E+07	4.970968E+07	4.691887E+07	4.776679E+07	4.600551E+07	4.693398E+07	4.609399E+07	4.581909E+07	4.390413E+07	5.263906E+07	5.090335E+07	4.897669E+07	4.790289E+07	4.886183E+07	4.78545E+07	4.656836E+07	4.614722E+07	4.556234E+07	5.085874E+07	4.956264E+07	5.132357E+07	4.974667E+07	4.843402E+07	4.815219E+07	4.556342E+07	4.58345E+07	4.448834E+07	5.045571E+07	4.867723E+07	4.934014E+07	4.668692E+07	4.531733E+07	4.541641E+07	4.37943E+07	4.411764E+07	4.398558E+07	5.69781E+07	5.054612E+07	4.89203E+07	4.850275E+07	5.134966E+07	4.930911E+07	5.39642E+07	5.274337E+07	4.894237E+07
12/22/2024 2:00:00 PM	64	5.790358E+07	5.417608E+07	5.299178E+07	4.904597E+07	4.89881E+07	4.852906E+07	4.781796E+07	5.007928E+07	5.042185E+07	5.225795E+07	4.912485E+07	4.64462E+07	4.746323E+07	4.584405E+07	4.655539E+07	4.5915E+07	4.575602E+07	4.381412E+07	5.226339E+07	5.047995E+07	4.858836E+07	4.748722E+07	4.842335E+07	4.750074E+07	4.630231E+07	4.588313E+07	4.543006E+07	5.078676E+07	4.9047E+07	5.101303E+07	4.921591E+07	4.798318E+07	4.782118E+07	4.534207E+07	4.554671E+07	4.422711E+07	5.017816E+07	4.813074E+07	4.877604E+07	4.62172E+07	4.517036E+07	4.511534E+07	4.380695E+07	4.392847E+07	4.386542E+07	5.667642E+07	5.019236E+07	4.876244E+07	4.797956E+07	5.050114E+07	4.933028E+07	5.386672E+07	5.251708E+07	4.836419E+07
12/22/2024 6:00:00 PM	68	5.793924E+07	5.441106E+07	5.324392E+07	4.926028E+07	4.903564E+07	4.874031E+07	4.794911E+07	5.02241E+07	5.059998E+07	5.248413E+07	4.874576E+07	4.592441E+07	4.741766E+07	4.591343E+07	4.653353E+07	4.590362E+07	4.534696E+07	4.388141E+07	5.276105E+07	4.987728E+07	4.861393E+07	4.742849E+07	4.834029E+07	4.691577E+07	4.596784E+07	4.563891E+07	4.528314E+07	5.086593E+07	4.864752E+07	5.077757E+07	4.906852E+07	4.795812E+07	4.747477E+07	4.499776E+07	4.543866E+07	4.44372E+07	5.034441E+07	4.798212E+07	4.863594E+07	4.634081E+07	4.545994E+07	4.523936E+07	4.378264E+07	4.399247E+07	4.379055E+07	5.752202E+07	5.048613E+07	4.895954E+07	4.764716E+07	5.062548E+07	4.988628E+07	5.342136E+07	5.307893E+07	4.856714E+07
12/22/2024 10:00:00 PM	72	5.973811E+07	5.651051E+07	5.372834E+07	4.985992E+07	4.975464E+07	5.013592E+07	4.936782E+07	5.091099E+07	5.23276E+07	5.472009E+07	4.873002E+07	4.622142E+07	4.722322E+07	4.623439E+07	4.648717E+07	4.618748E+07	4.546847E+07	4.459486E+07	5.497912E+07	5.009696E+07	4.854639E+07	4.695559E+07	4.825188E+07	4.651032E+07	4.594756E+07	4.546321E+07	4.559316E+07	5.321986E+07	4.9285E+07	5.072854E+07	4.898473E+07	4.782535E+07	4.733392E+07	4.502106E+07	4.580027E+07	4.455356E+07	5.250143E+07	4.813943E+07	4.856264E+07	4.62686E+07	4.566919E+07	4.516479E+07	4.415844E+07	4.448917E+07	4.375566E+07	6.095399E+07	5.197739E+07	4.97604E+07	4.88461E+07	5.322524E+07	5.184208E+07	5.487998E+07	5.55697E+07	4.968081E+07
12/23/2024 2:00:00 AM	76	5.993029E+07	5.623945E+07	5.369452E+07	4.973364E+07	4.994271E+07	4.995631E+07	4.949997E+07	5.135598E+07	5.302309E+07	5.417569E+07	4.817042E+07	4.603283E+07	4.672359E+07	4.601213E+07	4.607073E+07	4.597604E+07	4.491404E+07	4.420997E+07	5.479277E+07	4.960296E+07	4.801094E+07	4.659312E+07	4.796373E+07	4.621975E+07	4.544766E+07	4.496167E+07	4.549866E+07	5.331549E+07	4.868574E+07	5.009863E+07	4.85312E+07	4.730402E+07	4.697059E+07	4.465927E+07	4.540072E+07	4.442795E+07	5.279315E+07	4.784548E+07	4.803916E+07	4.56947E+07	4.538213E+07	4.484556E+07	4.396956E+07	4.452362E+07	4.351604E+07	6.089682E+07	5.181631E+07	4.939786E+07	4.844042E+07	5.256408E+07	5.200805E+07	5.456712E+07	5.477751E+07	4.958836E+07
12/23/2024 6:00:00 AM	80	5.933898E+07	5.618927E+07	5.349723E+07	4.968244E+07	4.943689E+07	4.934653E+07	4.903876E+07	5.141121E+07	5.302488E+07	5.342895E+07	4.74202E+07	4.547038E+07	4.583994E+07	4.579763E+07	4.551274E+07	4.56514E+07	4.449772E+07	4.384811E+07	5.404274E+07	4.918271E+07	4.742838E+07	4.603142E+07	4.749324E+07	4.613444E+07	4.536153E+07	4.48173E+07	4.517026E+07	5.274434E+07	4.821524E+07	4.948182E+07	4.751297E+07	4.653076E+07	4.638584E+07	4.430535E+07	4.511295E+07	4.415341E+07	5.26088E+07	4.721725E+07	4.747408E+07	4.529248E+07	4.490564E+07	4.440144E+07	4.374821E+07	4.440898E+07	4.324694E+07	6.05628E+07	5.097679E+07	4.619458E+07	4.769829E+07	5.188837E+07	5.170519E+07	5.396612E+07	5.387038E+07	4.950663E+07
12/23/2024 10:00:00 AM	84	5.915356E+07	5.541397E+07	5.26113E+07	4.905155E+07	4.894554E+07	4.877481E+07	4.84732E+07	5.093492E+07	5.289602E+07	5.237339E+07	4.722287E+07	4.480084E+07	4.487129E+07	4.543727E+07	4.475954E+07	4.518249E+07	4.427876E+07	4.331201E+07	5.345247E+07	4.836071E+07	4.669773E+07	4.517831E+07	4.690833E+07	4.551083E+07	4.49479E+07	4.447874E+07	4.513158E+07	5.252926E+07	4.79447E+07	4.873217E+07	4.679364E+07	4.577741E+07	4.58179E+07	4.396724E+07	4.468714E+07	4.403343E+07	5.224386E+07	4.656668E+07	4.70116E+07	4.451718E+07	4.404673E+07	4.39376E+07	4.326974E+07	4.427529E+07	4.284015E+07	5.975121E+07	5.017166E+07	4.798952E+07	4.67543E+07	5.101113E+07	5.119928E+07	5.386038E+07	5.270884E+07	4.853221E+07
12/23/2024 2:00:00 PM	88	5.843407E+07	5.486866E+07	5.17233E+07	4.871792E+07	4.861691E+07	4.795743E+07	4.805969E+07	5.037483E+07	5.262515E+07	5.151644E+07	4.64525E+07	4.383449E+07	4.44126E+07	4.513262E+07	4.437864E+07	4.480482E+07	4.381682E+07	4.303849E+07	5.282708E+07	4.77994E+07	4.628676E+07	4.450181E+07	4.656061E+07	4.491142E+07	4.465154E+07	4.405772E+07	4.469022E+07	5.179398E+07	4.735526E+07	4.845932E+07	4.63611E+07	4.482543E+07	4.493221E+07	4.355612E+07	4.417436E+07	4.365498E+07	5.18287E+07	4.605311E+07	4.628459E+07	4.390901E+07	4.322254E+07	4.346594E+07	4.288242E+07	4.416243E+07	4.246126E+07	5.966409E+07	4.924637E+07	4.717406E+07	4.551893E+07	4.981232E+07	5.095621E+07	5.332708E+07	5.165778E+07	4.79124E+07
12/23/2024 6:00:00 PM	92	5.824706E+07	5.384042E+07	5.082859E+07	4.826163E+07	4.817362E+07	4.72492E+07	4.761537E+07	5.030897E+07	5.286861E+07	5.072016E+07	4.56942E+07	4.320962E+07	4.32014E+07	4.469087E+07	4.369466E+07	4.451324E+07	4.384116E+07	4.289064E+07	5.219444E+07	4.710995E+07	4.549482E+07	4.340347E+07	4.570233E+07	4.439E+07	4.428263E+07	4.359055E+07	4.438295E+07	5.115757E+07	4.684025E+07	4.813255E+07	4.550551E+07	4.41495E+07	4.455468E+07	4.300417E+07	4.365378E+07	4.335186E+07	5.121431E+07	4.546883E+07	4.610378E+07	4.317619E+07	4.210854E+07	4.307259E+07	4.239316E+07	4.397962E+07	4.191701E+07	5.917504E+07	4.816322E+07	4.625196E+07	4.446279E+07	4.888406E+07	5.035661E+07	5.277653E+07	5.097447E+07	4.725473E+07
12/23/2024 10:00:00 PM	96	5.771251E+07	5.294236E+07	4.986079E+07	4.797834E+07	4.749754E+07	4.642131E+07	4.715806E+07	4.990314E+07	5.224508E+07	4.967993E+07	4.470406E+07	4.21122E+07	4.259309E+07	4.409683E+07	4.315689E+07	4.416223E+07	4.331769E+07	4.267005E+07	5.128353E+07	4.639887E+07	4.512737E+07	4.288162E+07	4.466537E+07	4.359361E+07	4.386208E+07	4.308586E+07	4.395618E+07	5.042648E+07	4.615222E+07	4.708993E+07	4.481467E+07	4.346395E+07	4.369831E+07	4.2259E+07	4.336964E+07	4.284999E+07	5.086948E+07	4.473232E+07	4.560178E+07	4.23486E+07	4.14933E+07	4.268666E+07	4.191407E+07	4.359257E+07	4.178468E+07	5.812322E+07	4.73548E+07	4.551493E+07	4.369266E+07	4.794896E+07	4.95166E+07	5.158285E+07	5.016747E+07	4.671302E+07
12/24/2024 2:00:00 AM	100	5.715264E+07	5.202069E+07	4.896638E+07	4.75677E+07	4.694282E+07	4.572678E+07	4.667112E+07	4.954056E+07	5.231825E+07	4.834377E+07	4.354038E+07	4.082737E+07	4.189237E+07	4.349206E+07	4.25836E+07	4.377045E+07	4.280968E+07	4.223556E+07	5.045252E+07	4.550134E+07	4.443098E+07	4.199592E+07	4.419102E+07	4.295087E+07	4.312606E+07	4.263453E+07	4.343076E+07	4.978954E+07	4.551791E+07	4.657418E+07	4.384096E+07	4.258563E+07	4.300272E+07	4.179033E+07	4.258842E+07	4.251016E+07	5.158968E+07	4.400729E+07	4.497943E+07	4.1311E+07	4.012908E+07	4.182884E+07	4.155706E+07	4.332769E+07	4.154603E+07	5.757285E+07	4.648405E+07	4.456766E+07	4.324142E+07	4.685005E+07	4.856004E+07	5.12279E+07	4.921663E+07	4.60254E+07
12/24/2024 6:00:00 AM	104	5.629769E+07	5.11908E+07	4.796574E+07	4.706749E+07	4.634062E+07	4.483716E+07	4.584484E+07	4.910128E+07	5.217646E+07	4.755476E+07	4.247798E+07	3.981078E+07	4.089425E+07	4.255569E+07	4.167644E+07	4.326562E+07	4.223639E+07	4.185512E+07	4.978134E+07	4.482598E+07	4.376529E+07	4.129432E+07	4.344966E+07	4.230687E+07	4.24449E+07	4.213456E+07	4.29358E+07	4.928064E+07	4.465182E+07	4.599886E+07	4.304666E+07	4.16451E+07	4.208534E+07	4.13702E+07	4.215916E+07	4.182557E+07	5.018546E+07	4.323965E+07	4.419694E+07	4.079748E+07	3.950492E+07	4.1179E+07	4.107032E+07	4.291962E+07	4.119954E+07	5.687498E+07	4.584241E+07	4.366956E+07	4.211005E+07	4.565062E+07	4.766199E+07	5.076937E+07	4.814235E+07	4.53646E+07
12/24/2024 10:00:00 AM	108	5.564811E+07	5.040924E+07	4.697088E+07	4.656925E+07	4.554496E+07	4.44185E+07	4.541729E+07	4.817503E+07	5.172149E+07	4.657828E+07	4.129504E+07	3.856268E+07	3.997581E+07	4.201419E+07	4.121768E+07	4.269092E+07	4.162863E+07	4.134812E+07	4.890354E+07	4.425729E+07	4.29082E+07	4.033574E+07	4.268672E+07	4.163803E+07	4.191755E+07	4.118207E+07	4.239547E+07	4.886417E+07	4.399193E+07	4.53082E+07	4.208012E+07	4.083392E+07	4.150272E+07	4.088184E+07	4.145607E+07	4.127906E+07	4.968378E+07	4.25743E+07	4.312994E+07	3.969109E+07	3.847216E+07	4.050634E+07	4.045195E+07	4.239838E+07	4.070119E+07	5.631817E+07	4.481779E+07	4.297721E+07	4.100762E+07	4.489373E+07	4.670803E+07	5.021333E+07	4.754002E+07	4.420545E+07
12/24/2024 2:00:00 PM	112	5.498177E+07	4.964307E+07	4.579836E+07	4.615014E+07	4.46565E+07	4.427201E+07	4.480263E+07	4.762254E+07	5.149674E+07	4.550234E+07	4.04041E+07	3.74839E+07	3.925797E+07	4.113233E+07	4.071536E+07	4.176506E+07	4.115214E+07	4.076702E+07	4.829329E+07	4.323264E+07	4.20772E+07	3.942729E+07	4.183076E+07	4.096288E+07	4.129596E+07	4.057839E+07	4.172458E+07	4.82122E+07	4.314641E+07	4.431936E+07	4.132068E+07	3.983474E+07	4.072976E+07	4.031234E+07	4.104453E+07	4.059764E+07	4.94569E+07	4.192704E+07	4.263199E+07	3.891548E+07	3.796853E+07	4.021872E+07	3.968002E+07	4.208136E+07	4.016328E+07	5.574216E+07	4.374306E+07	4.201878E+07	3.972215E+07	4.38274E+07	4.569219E+07	4.996365E+07	4.646158E+07	4.308998E+07
12/24/2024 6:00:00 PM	116	5.453427E+07	4.871826E+07	4.50591E+07	4.57129E+07	4.379391E+07	4.377386E+07	4.401249E+07	4.693069E+07	5.159202E+07	4.460544E+07	3.941415E+07	3.651282E+07	3.832796E+07	4.0485E+07	4.002866E+07	4.123736E+07	4.048611E+07	4.029845E+07	4.766785E+07	4.244385E+07	4.123083E+07	3.853982E+07	4.109949E+07	4.014981E+07	4.063843E+07	3.976132E+07	4.135498E+07	4.760386E+07	4.238025E+07	4.348052E+07	4.041958E+07	3.898421E+07	3.996849E+07	3.971127E+07	4.027495E+07	4.008901E+07	4.932631E+07	4.123356E+07	4.160899E+07	3.793529E+07	3.702858E+07	3.937761E+07	3.895492E+07	4.160244E+07	3.954914E+07	5.511675E+07	4.293128E+07	4.139196E+07	3.85245E+07	4.295286E+07	4.462966E+07	4.879693E+07	4.532028E+07	4.258212E+07
12/24/2024 10:00:00 PM	120	5.331052E+07	4.778488E+07	4.422576E+07	4.513221E+07	4.302219E+07	4.306418E+07	4.326063E+07	4.598532E+07	5.084789E+07	4.34469E+07	3.83487E+07	3.567697E+07	3.76152E+07	3.990862E+07	3.922066E+07	4.056254E+07	3.984169E+07	3.990201E+07	4.69237E+07	4.163054E+07	4.030572E+07	3.792677E+07	4.036394E+07	3.951709E+07	4.00827E+07	3.92078E+07	4.083277E+07	4.712608E+07	4.162207E+07	4.26987E+07	3.954377E+07	3.804286E+07	3.933277E+07	3.906861E+07	3.984066E+07	3.945182E+07	4.859359E+07	4.065407E+07	4.09274E+07	3.704072E+07	3.615074E+07	3.881188E+07	3.825987E+07	4.114335E+07	3.903602E+07	5.444052E+07	4.180896E+07	4.071672E+07	3.770745E+07	4.239854E+07	4.40455E+07	4.762433E+07	4.457109E+07	4.169503E+07
12/25/2024 2:00:00 AM	124	5.276334E+07	4.679198E+07	4.326105E+07	4.426797E+07	4.229957E+07	4.232628E+07	4.257075E+07	4.4949E+07	5.069756E+07	4.254242E+07	3.734988E+07	3.467602E+07	3.683426E+07	3.922226E+07	3.869672E+07	3.99302E+07	3.933761E+07	3.931663E+07	4.627074E+07	4.097902E+07	3.955532E+07	3.714382E+07	3.947167E+07	3.890636E+07	3.959213E+07	3.855527E+07	4.037612E+07	4.662668E+07	4.094106E+07	4.20182E+07	3.879054E+07	3.730714E+07	3.860108E+07	3.849342E+07	3.923458E+07	3.886793E+07	4.799026E+07	4.001759E+07	4.015636E+07	3.635687E+07	3.547854E+07	3.832638E+07	3.760704E+07	4.08475E+07	3.834978E+07	5.39821E+07	4.115181E+07	3.994651E+07	3.687064E+07	4.148127E+07	4.336529E+07	4.675134E+07	4.368186E+07	4.108098E+07
12/25/2024 6:00:00 AM	128	5.196904E+07	4.623028E+07	4.233495E+07	4.328617E+07	4.202409E+07	4.173959E+07	4.175742E+07	4.43813E+07	4.926429E+07	4.145183E+07	3.648718E+07	3.37859E+07	3.59851E+07	3.846194E+07	3.793334E+07	3.922034E+07	3.87915E+07	3.86239E+07	4.544774E+07	4.008209E+07	3.86998E+07	3.638978E+07	3.870611E+07	3.826095E+07	3.894483E+07	3.794623E+07	3.973951E+07	4.609654E+07	4.038224E+07	4.106724E+07	3.79183E+07	3.638124E+07	3.806873E+07	3.789665E+07	3.867377E+07	3.827795E+07	4.734142E+07	3.919804E+07	3.925983E+07	3.543839E+07	3.418818E+07	3.767377E+07	3.70789E+07	3.98847E+07	3.778454E+07	5.241911E+07	4.024001E+07	3.900012E+07	3.596585E+07	4.007015E+07	4.232684E+07	4.601428E+07	4.275854E+07	4.06601E+07
12/25/2024 10:00:00 AM	132	5.150298E+07	4.559318E+07	4.165016E+07	4.227155E+07	4.138069E+07	4.091035E+07	4.095074E+07	4.330309E+07	4.818134E+07	4.076975E+07	3.538626E+07	3.298981E+07	3.540526E+07	3.77299E+07	3.736429E+07	3.854452E+07	3.834006E+07	3.802335E+07	4.479426E+07	3.915035E+07	3.780926E+07	3.574525E+07	3.785692E+07	3.765576E+07	3.832354E+07	3.729433E+07	3.910614E+07	4.592264E+07	3.94972E+07	4.041058E+07	3.723265E+07	3.557724E+07	3.734378E+07	3.722477E+07	3.79903E+07	3.781602E+07	4.724821E+07	3.863311E+07	3.85876E+07	3.477102E+07	3.359573E+07	3.704041E+07	3.641282E+07	3.914216E+07	3.72472E+07	5.168185E+07	3.93311E+07	3.808261E+07	3.512682E+07	3.923175E+07	4.161146E+07	4.506769E+07	4.321007E+07	4.048599E+07
12/25/2024 2:00:00 PM	136	5.056012E+07	4.451999E+07	4.094145E+07	4.168432E+07	4.050017E+07	4.028116E+07	4.029891E+07	4.231034E+07	4.838714E+07	3.998424E+07	3.439335E+07	3.219308E+07	3.47403E+07	3.712076E+07	3.670404E+07	3.781334E+07	3.779888E+07	3.737984E+07	4.408526E+07	3.839466E+07	3.703594E+07	3.499527E+07	3.729465E+07	3.700004E+07	3.769294E+07	3.66039E+07	3.845458E+07	4.54087E+07	3.865775E+07	3.952502E+07	3.651746E+07	3.483841E+07	3.66206E+07	3.669366E+07	3.738222E+07	3.721135E+07	4.7073E+07	3.784526E+07	3.776393E+07	3.406621E+07	3.330744E+07	3.657525E+07	3.601266E+07	3.84753E+07	3.662528E+07	5.074037E+07	3.843332E+07	3.736048E+07	3.441148E+07	3.852269E+07	4.094287E+07	4.463557E+07	4.363486E+07	4.020719E+07
12/25/2024 6:00:00 PM	140	4.961721E+07	4.346556E+07	4.000382E+07	4.100927E+07	3.96799E+07	3.955409E+07	3.951382E+07	4.176558E+07	4.690194E+07	3.947655E+07	3.355334E+07	3.148533E+07	3.41644E+07	3.649876E+07	3.625671E+07	3.725811E+07	3.717755E+07	3.68079E+07	4.337506E+07	3.763709E+07	3.624106E+07	3.441261E+07	3.652775E+07	3.65835E+07	3.7026E+07	3.592255E+07	3.796068E+07	4.460162E+07	3.793636E+07	3.887754E+07	3.581629E+07	3.41305E+07	3.595002E+07	3.61154E+07	3.689463E+07	3.664904E+07	4.648162E+07	3.72315E+07	3.715182E+07	3.348321E+07	3.272828E+07	3.600795E+07	3.529387E+07	3.763816E+07	3.607873E+07	4.948425E+07	3.742916E+07	3.65215E+07	3.372135E+07	3.790824E+07	4.00829E+07	4.412322E+07	4.295672E+07	3.964084E+07
12/25/2024 10:00:00 PM	144	4.901292E+07	4.259148E+07	3.9005E+07	4.012444E+07	3.89037E+07	3.878524E+07	3.885591E+07	4.117786E+07	4.616565E+07	3.8794E+07	3.275769E+07	3.088263E+07	3.357836E+07	3.59302E+07	3.549726E+07	3.655722E+07	3.657359E+07	3.63145E+07	4.285112E+07	3.698288E+07	3.549218E+07	3.384199E+07	3.586618E+07	3.588324E+07	3.64382E+07	3.539268E+07	3.736469E+07	4.414186E+07	3.712014E+07	3.800533E+07	3.520284E+07	3.341718E+07	3.545338E+07	3.553881E+07	3.619868E+07	3.605622E+07	4.636276E+07	3.657411E+07	3.643601E+07	3.286117E+07	3.196969E+07	3.551464E+07	3.473318E+07	3.687836E+07	3.550138E+07	4.880343E+07	3.650704E+07	3.571866E+07	3.313943E+07	3.724192E+07	3.934255E+07	4.360034E+07	4.218873E+07	3.939322E+07
12/26/2024 2:00:00 AM	148	4.881477E+07	4.156425E+07	3.814549E+07	3.924656E+07	3.815572E+07	3.81713E+07	3.84099E+07	4.07995E+07	4.561996E+07	3.862926E+07	3.204563E+07	3.033523E+07	3.30787E+07	3.537066E+07	3.508183E+07	3.59019E+07	3.599439E+07	3.57244E+07	4.227814E+07	3.612704E+07	3.481051E+07	3.330528E+07	3.525656E+07	3.539215E+07	3.587554E+07	3.477104E+07	3.682591E+07	4.375566E+07	3.652943E+07	3.73213E+07	3.457773E+07	3.281178E+07	3.490347E+07	3.503284E+07	3.573952E+07	3.558353E+07	4.640012E+07	3.437443E+07	3.569283E+07	3.233802E+07	3.141004E+07	3.496129E+07	3.410472E+07	3.609486E+07	3.495151E+07	4.84409E+07	3.593188E+07	3.495515E+07	3.26745E+07	3.650176E+07	3.861406E+07	4.269296E+07	4.133122E+07	3.929636E+07
12/26/2024 6:00:00 AM	152	4.73498E+07	4.05216E+07	3.737546E+07	3.8433E+07	3.761488E+07	3.764383E+07	3.785059E+07	4.012938E+07	4.43093E+07	3.8496E+07	3.136092E+07	2.979168E+07	3.255111E+07	3.482473E+07	3.453754E+07	3.533326E+07	3.539759E+07	3.526256E+07	4.178659E+07	3.542442E+07	3.405263E+07	3.270377E+07	3.461906E+07	3.48407E+07	3.528162E+07	3.418241E+07	3.633803E+07	4.353974E+07	3.573872E+07	3.660834E+07	3.392374E+07	3.218228E+07	3.437243E+07	3.446413E+07	3.50857E+07	3.50596E+07	4.480954E+07	3.547863E+07	3.514012E+07	3.17418E+07	3.102048E+07	3.44611E+07	3.352611E+07	3.538906E+07	3.441249E+07	4.855608E+07	3.515175E+07	3.43264E+07	3.220494E+07	3.549749E+07	3.780887E+07	4.206707E+07	4.080112E+07	3.895006E+07
12/26/2024 10:00:00 AM	156	4.633999E+07	3.97261E+07	3.662094E+07	3.767433E+07	3.694674E+07	3.721112E+07	3.736847E+07	3.954088E+07	4.345385E+07	3.824403E+07	3.082207E+07	2.935462E+07	3.208607E+07	3.446496E+07	3.402759E+07	3.487567E+07	3.489514E+07	3.482017E+07	4.12268E+07	3.470564E+07	3.342178E+07	3.229308E+07	3.403716E+07	3.440066E+07	3.470513E+07	3.361501E+07	3.586758E+07	4.32324E+07	3.49059E+07	3.590438E+07	3.342174E+07	3.165614E+07	3.380117E+07	3.387788E+07	3.464458E+07	3.463633E+07	4.5624E+07	3.482527E+07	3.46023E+07	3.121938E+07	3.075832E+07	3.396814E+07	3.305632E+07	3.475698E+07	3.384795E+07	4.803606E+07	3.468586E+07	3.37699E+07	3.171316E+07	3.482134E+07	3.72438E+07	4.13805E+07	4.028238E+07	3.872109E+07
