Vessel Name: 20241219_TCSL250_wk2_incucyte_DBG
Metric: Total Red Object Area (µm²/Image)
Cell Type: 
Passage: 1
Notes: 
Analysis: MGF_TRACHYB013_analysis

Date Time	Elapsed	B2	B3	B4	B5	B6	B7	B8	B9	B10	C2	C3	C4	C5	C6	C7	C8	C9	C10	D2	D3	D4	D5	D6	D7	D8	D9	D10	E2	E3	E4	E5	E6	E7	E8	E9	E10	F2	F3	F4	F5	F6	F7	F8	F9	F10	G2	G3	G4	G5	G6	G7	G8	G9	G10
12/19/2024 10:00:00 PM	0	1168432	1181304	1114246	1146675	1137363	1100647	1059665	1015469	1091167	1224131	1157389	1100910	1187078	1090543	1128128	1057841	1071047	980355.1	1215613	1174273	1115160	1118998	1109128	1100665	1072356	1039263	1036933	1127093	1142792	1176295	1136011	1162834	1092026	1026126	1074303	1038002	1229904	1132596	1158710	1153786	1152483	1107605	1088341	1060240	1045176	1195963	1220854	1133206	1163398	1135977	1163821	1176975	1147583	1203519
12/20/2024 2:00:00 AM	4	1246471	1252376	1195378	1231338	1216221	1176803	1144919	1097218	1172360	1286683	1237817	1179042	1259081	1171855	1232281	1136879	1156781	1064899	1285236	1248125	1194716	1193376	1191196	1183086	1151050	1116283	1118600	1201836	1217476	1246621	1211312	1242239	1172549	1104585	1155234	1118280	1297734	1209002	1231483	1233209	1234421	1187921	1180904	1143094	1126802	1264862	1278014	1206654	1242423	1219029	1245739	1257406	1222713	1279846
12/20/2024 6:00:00 AM	8	1311211	1316555	1266439	1302410	1288512	1255765	1220177	1175187	1244259	1339869	1305278	1246748	1320763	1242136	1310556	1210061	1236522	1148299	1350037	1318170	1261570	1264656	1258376	1254049	1225029	1193462	1196739	1273836	1284506	1307825	1280499	1301811	1241151	1179972	1227101	1191856	1359983	1279973	1302889	1298594	1303112	1258559	1255721	1221877	1209840	1326713	1330915	1267618	1305633	1290230	1311174	1318356	1298306	1341457
12/20/2024 10:00:00 AM	12	1375537	1372415	1326673	1357069	1349733	1326068	1289167	1245574	1310314	1391380	1360613	1305641	1387957	1309571	1362764	1281272	1307041	1220761	1400652	1376262	1323649	1328911	1322544	1324384	1293904	1263015	1263868	1331922	1347867	1363922	1337395	1362820	1306681	1250010	1294792	1269675	1408805	1339784	1357401	1360145	1366987	1318554	1327206	1289733	1280355	1378946	1377220	1322654	1359882	1347743	1368641	1381498	1362865	1391152
12/20/2024 2:00:00 PM	16	1420686	1416373	1382728	1408947	1407072	1376516	1345931	1311364	1370862	1426371	1413579	1358240	1434096	1361402	1427419	1338955	1368825	1290845	1441219	1422314	1374428	1380634	1377922	1374259	1352515	1329290	1335162	1383714	1397283	1417695	1387546	1408373	1358749	1312662	1353639	1330167	1455042	1392020	1417037	1408025	1404737	1368195	1379582	1351597	1342725	1424101	1413892	1372893	1402035	1394798	1411537	1425881	1406352	1440785
12/20/2024 6:00:00 PM	20	1458268	1453032	1422218	1450575	1449303	1420599	1399083	1369721	1423581	1463119	1451489	1402475	1476135	1411105	1466317	1391958	1424700	1350134	1472462	1454768	1415219	1423125	1417814	1420848	1403471	1383776	1391354	1425280	1446023	1449705	1427922	1447715	1402725	1367591	1407204	1386514	1488708	1424014	1450429	1445734	1437577	1412007	1433797	1398820	1407499	1460346	1443201	1412399	1436491	1433948	1445445	1462617	1451614	1470703
12/20/2024 10:00:00 PM	24	1486976	1480381	1459278	1478721	1479298	1460586	1438366	1416257	1460023	1483565	1479092	1428660	1499883	1445764	1502929	1423119	1457512	1391836	1496266	1477386	1439941	1451895	1448310	1455296	1437456	1421588	1425082	1457667	1471598	1475662	1455403	1471521	1432625	1406691	1442750	1422987	1516027	1459750	1481377	1471182	1462629	1443824	1461371	1436058	1439210	1495731	1468954	1447020	1465332	1478191	1471452	1490561	1479682	1498275
12/21/2024 2:00:00 AM	28	1512148	1507586	1482981	1498883	1501689	1485472	1465635	1446357	1494217	1509894	1499060	1452325	1522997	1473490	1520537	1455644	1486166	1428563	1517052	1502709	1461583	1473326	1470403	1480858	1463581	1454688	1458008	1486059	1498001	1495577	1473950	1489141	1457191	1438712	1466659	1461539	1535411	1479528	1500153	1488677	1486073	1464541	1488101	1462219	1472312	1513309	1485064	1462545	1477820	1490511	1491863	1510559	1497319	1515490
12/21/2024 6:00:00 AM	32	1528762	1526189	1501949	1515178	1518627	1507244	1487002	1478947	1518242	1525938	1513711	1466364	1531384	1489367	1544509	1474886	1499338	1456618	1527948	1510267	1478485	1490059	1485175	1497754	1486274	1474023	1476742	1501118	1508340	1506329	1485413	1500267	1470825	1459415	1484330	1476909	1551853	1505769	1512240	1500585	1496999	1480695	1510200	1485262	1495584	1529662	1496106	1479130	1491989	1512667	1506132	1528526	1520378	1530449
12/21/2024 10:00:00 AM	36	1541297	1531224	1513457	1525279	1530762	1519156	1502125	1495311	1532946	1525428	1520977	1474625	1545889	1505280	1545955	1487868	1521410	1470968	1537514	1523109	1488294	1504338	1495606	1511197	1497101	1489222	1491458	1516161	1521933	1517797	1498177	1512532	1484778	1477070	1497561	1491808	1562114	1513823	1526063	1506308	1506805	1489797	1516145	1500954	1507581	1539099	1505831	1485832	1495425	1513964	1513397	1536351	1523916	1535132
12/21/2024 2:00:00 PM	40	1551770	1544464	1525556	1531825	1538503	1528115	1513213	1507675	1545574	1533388	1527505	1480918	1547998	1510095	1554492	1498378	1527122	1489778	1543903	1525271	1499251	1510439	1501284	1516415	1506716	1497109	1506342	1524318	1529052	1522934	1503269	1512114	1491454	1487679	1504327	1501513	1568836	1522166	1531676	1512704	1507165	1497435	1527210	1509390	1521748	1551342	1511082	1491388	1502846	1523197	1518654	1542706	1535263	1543480
12/21/2024 6:00:00 PM	44	1556654	1550889	1530668	1539327	1536968	1536306	1520555	1517454	1551127	1537971	1528300	1482915	1555729	1517475	1560072	1508609	1534032	1495961	1547615	1531389	1503440	1514823	1507509	1525659	1514844	1509465	1508434	1531293	1535557	1529703	1507279	1521587	1496112	1495268	1511241	1507128	1574738	1528537	1536889	1515362	1510305	1504562	1535389	1519470	1529812	1552717	1515796	1499865	1504261	1529085	1524914	1546687	1538202	1545075
12/21/2024 10:00:00 PM	48	1562840	1554080	1533660	1541986	1542279	1540384	1527406	1525939	1554755	1543963	1527941	1489387	1561965	1521939	1562708	1513279	1540419	1504845	1551121	1536583	1506159	1519942	1508283	1525120	1520302	1511172	1514484	1537615	1539103	1530569	1508410	1521235	1500818	1499700	1514988	1516763	1581180	1535570	1538487	1517900	1512095	1507000	1535170	1521361	1534859	1558598	1519833	1499072	1505306	1526686	1527000	1552809	1539423	1547999
12/22/2024 2:00:00 AM	52	1567944	1559600	1540924	1546538	1546576	1542189	1529908	1531997	1559991	1546511	1528929	1489067	1562490	1527255	1567266	1515916	1544891	1511737	1553370	1540926	1510607	1524207	1514356	1532337	1524076	1516816	1521969	1541290	1545732	1537237	1512853	1524792	1502395	1502501	1522257	1516090	1581643	1540365	1546047	1523772	1517550	1510938	1545030	1526185	1538915	1558331	1519837	1499055	1506022	1529832	1529650	1552838	1542752	1551538
12/22/2024 6:00:00 AM	56	1572451	1563163	1541909	1551472	1547776	1545092	1534388	1535619	1560965	1542317	1531855	1488120	1560985	1530354	1572343	1519502	1546130	1517481	1561630	1538964	1513108	1526622	1519109	1534371	1526439	1518186	1523551	1548112	1547246	1537332	1513053	1526135	1505771	1507766	1523603	1525192	1583343	1544568	1546512	1526510	1519286	1511147	1545093	1530662	1543059	1562892	1524844	1503278	1509752	1530686	1533350	1553045	1548878	1552448
12/22/2024 10:00:00 AM	60	1574298	1563095	1546995	1554898	1549320	1552312	1538448	1540939	1565201	1542419	1530339	1485696	1563410	1533628	1570695	1523787	1551212	1518960	1561228	1540523	1517478	1530070	1519104	1532089	1531568	1520006	1527314	1548905	1548933	1539997	1516568	1527343	1508977	1511686	1530298	1525716	1588385	1546882	1547225	1529420	1523033	1515045	1546052	1536081	1544263	1561371	1526408	1504190	1510412	1533997	1534896	1558240	1549763	1555717
12/22/2024 2:00:00 PM	64	1579178	1568672	1549256	1559490	1558085	1554398	1541690	1545447	1567596	1544289	1527567	1485279	1565211	1534407	1570992	1528118	1552606	1524258	1562792	1543813	1520811	1528989	1521189	1534951	1535270	1523389	1531289	1549783	1552269	1543417	1517331	1530704	1511633	1515456	1532298	1537765	1588544	1553873	1553407	1531149	1522686	1518672	1550438	1537778	1549314	1562515	1529989	1505714	1512482	1525637	1538466	1561600	1552006	1560564
12/22/2024 6:00:00 PM	68	1581223	1569458	1550000	1565049	1563222	1557368	1547469	1547309	1570315	1541256	1525660	1492491	1576689	1543307	1573655	1532134	1560427	1526525	1569382	1558137	1521434	1531734	1526668	1536748	1536194	1528494	1534802	1556643	1564015	1544896	1520796	1534504	1512743	1517228	1538851	1542461	1591810	1560146	1555526	1539623	1533624	1522367	1557460	1538206	1554713	1560073	1530634	1510007	1515379	1530786	1546596	1565606	1558351	1564774
12/22/2024 10:00:00 PM	72	1584777	1567078	1547528	1559056	1556986	1562669	1550218	1555205	1579581	1539855	1527218	1481941	1562900	1541950	1579573	1535963	1554938	1526003	1569562	1545435	1523830	1532075	1530466	1540576	1539886	1531315	1535692	1556032	1547286	1546765	1520324	1535964	1516209	1521283	1540009	1539992	1586449	1560576	1559074	1535567	1540370	1522554	1559279	1547349	1555840	1572944	1540930	1511657	1509229	1535242	1542631	1568813	1557300	1574035
12/23/2024 2:00:00 AM	76	1587090	1569150	1553450	1560221	1557355	1567878	1554126	1558056	1578858	1539896	1520740	1479510	1563860	1545374	1580923	1539398	1561709	1528596	1569589	1548069	1525021	1535713	1530081	1542054	1540112	1533444	1538570	1558700	1559368	1548433	1521929	1538211	1517343	1523780	1543208	1538396	1587356	1563199	1560856	1541709	1542064	1525707	1565156	1544616	1556625	1573075	1542386	1512417	1509508	1538754	1548332	1566898	1557887	1574044
12/23/2024 6:00:00 AM	80	1590099	1568853	1552112	1561172	1559334	1568594	1554595	1558910	1582152	1538683	1518564	1472327	1567112	1545941	1584189	1540983	1558197	1531005	1569705	1547806	1527529	1534019	1532092	1543980	1540127	1535078	1540102	1560403	1558638	1548775	1522341	1537839	1516308	1524359	1543530	1543875	1590402	1565209	1562777	1537364	1544334	1526801	1565830	1551932	1557651	1571793	1541725	1503495	1511255	1541334	1552550	1569732	1558870	1576366
12/23/2024 10:00:00 AM	84	1588909	1569772	1552240	1560846	1559163	1567953	1556145	1557801	1583021	1536253	1515123	1469124	1565723	1548057	1574220	1542629	1557620	1529603	1569774	1550940	1527842	1534398	1531574	1541967	1544450	1533990	1540093	1560375	1549495	1546481	1524209	1536690	1515902	1525106	1544835	1535276	1591109	1564475	1566024	1539870	1541368	1524531	1565117	1551473	1557276	1568957	1541482	1510771	1507250	1539271	1548962	1570548	1561326	1573339
12/23/2024 2:00:00 PM	88	1589494	1569257	1552841	1562726	1562410	1568149	1558293	1562047	1583928	1534459	1512653	1460856	1560507	1546217	1582695	1539128	1556811	1532478	1570916	1549088	1527411	1531213	1531372	1543559	1542055	1531990	1541321	1562249	1559579	1549321	1523051	1531880	1516108	1523196	1540313	1539730	1593372	1569074	1563927	1537531	1538167	1523492	1562502	1553369	1556550	1570513	1540392	1509604	1504524	1532839	1551146	1573419	1563294	1575471
12/23/2024 6:00:00 PM	92	1590402	1572097	1548831	1566257	1559182	1566407	1554454	1561958	1583636	1535152	1505716	1455772	1558207	1544644	1583516	1540827	1553620	1534691	1570598	1546919	1526335	1527770	1530053	1541972	1543579	1533580	1543104	1562682	1557300	1548036	1524884	1532009	1514615	1522147	1543935	1536590	1592148	1564889	1563622	1536290	1540922	1524126	1568431	1554323	1553199	1568942	1534852	1510090	1502820	1530253	1551826	1575179	1565462	1574642
12/23/2024 10:00:00 PM	96	1588887	1570460	1552387	1566385	1563165	1568336	1556024	1564656	1585446	1528701	1504094	1446113	1556712	1546900	1582354	1541271	1558998	1535549	1569567	1550421	1525453	1527114	1526731	1541609	1543108	1530118	1542011	1561521	1551821	1547094	1522825	1530643	1512589	1519208	1543151	1543444	1592879	1567476	1565021	1532311	1538801	1522402	1564762	1557945	1560011	1567242	1533566	1506113	1500444	1531545	1550322	1574007	1563144	1575078
12/24/2024 2:00:00 AM	100	1590129	1568432	1548778	1563085	1560331	1567291	1553842	1564618	1582678	1524130	1491134	1439310	1556335	1543770	1575971	1541897	1559709	1534285	1567752	1549340	1525119	1524803	1527556	1538251	1542441	1527929	1542303	1561847	1551847	1545058	1520140	1527533	1511841	1519338	1538871	1534782	1595119	1566815	1566113	1533313	1533091	1519411	1569759	1553793	1557425	1563491	1530244	1503320	1495445	1527110	1550049	1574377	1564727	1572866
12/24/2024 6:00:00 AM	104	1590336	1565920	1548180	1565914	1558710	1568018	1558536	1564046	1586614	1517847	1487998	1431204	1562458	1542807	1576565	1538330	1556411	1536604	1570369	1550738	1523599	1525327	1528634	1535959	1539969	1526177	1543132	1562418	1555549	1546908	1518669	1524998	1508552	1518479	1537981	1542652	1593107	1570577	1563328	1526325	1530911	1515987	1566606	1557719	1556808	1566256	1530911	1498856	1494209	1529091	1550912	1577762	1562951	1575684
12/24/2024 10:00:00 AM	108	1585813	1565218	1544559	1563914	1555602	1563383	1556714	1559433	1582242	1512913	1475563	1417079	1553420	1540498	1575061	1539185	1557630	1532844	1565635	1547250	1520491	1521912	1526425	1533248	1539616	1523338	1541825	1559843	1542374	1544518	1514679	1522598	1507242	1517614	1536223	1533112	1591638	1567386	1560672	1525983	1527994	1514729	1563836	1552591	1555858	1564931	1526889	1494863	1489819	1525102	1548550	1575262	1559417	1569517
12/24/2024 2:00:00 PM	112	1587534	1566568	1544717	1564402	1557403	1566732	1554070	1558685	1586398	1505788	1470932	1412343	1555706	1534762	1576150	1533911	1556818	1535595	1565500	1540245	1518858	1518944	1524005	1531509	1540725	1521099	1538664	1557885	1545267	1537664	1510999	1517848	1504123	1514157	1535691	1531473	1591800	1562593	1559407	1519589	1534247	1513095	1566941	1555044	1553664	1561999	1519495	1489758	1484767	1521251	1545240	1576556	1558393	1572578
12/24/2024 6:00:00 PM	116	1582189	1563471	1537008	1563621	1557944	1561867	1553535	1556991	1583878	1503992	1458614	1399898	1553007	1536969	1573016	1535426	1553137	1527657	1562371	1539020	1513852	1514030	1517946	1529844	1534172	1524066	1532063	1557188	1540811	1536480	1509492	1516220	1498805	1511050	1534269	1527779	1592013	1562050	1557076	1519016	1528094	1509201	1560464	1550255	1551555	1556869	1518354	1486936	1482280	1519653	1541073	1571742	1558654	1566582
12/24/2024 10:00:00 PM	120	1582122	1556648	1532686	1561653	1555608	1561971	1549779	1554159	1584651	1496996	1450294	1387418	1550107	1529869	1572924	1529622	1551913	1528821	1559939	1536013	1510775	1512059	1516475	1528421	1532560	1515893	1533042	1555661	1539161	1534008	1506628	1508403	1495977	1508252	1532314	1527385	1590012	1562350	1556904	1515840	1525714	1504746	1558329	1549797	1549769	1556855	1512877	1477136	1473607	1513886	1540047	1571262	1553940	1566997
12/25/2024 2:00:00 AM	124	1578915	1554845	1531121	1557471	1550122	1558017	1543648	1553750	1584641	1493180	1442011	1378711	1537865	1527731	1565397	1527060	1542811	1525839	1559992	1530331	1509547	1506077	1513411	1525040	1533923	1513363	1529382	1553305	1537308	1533425	1500378	1509171	1494719	1507268	1529572	1520259	1589743	1559529	1554117	1513715	1522322	1503655	1555126	1546703	1548618	1554300	1506495	1476339	1471492	1509543	1538070	1569287	1552474	1562666
12/25/2024 6:00:00 AM	128	1572025	1550557	1527181	1556293	1549311	1550771	1542336	1549247	1581839	1488315	1429759	1367197	1540094	1518721	1566337	1525499	1543428	1527621	1557225	1529006	1503615	1504697	1508741	1517918	1526830	1509495	1530666	1551813	1533138	1531208	1494128	1498506	1489537	1500590	1520506	1520829	1590162	1557301	1548127	1504801	1506721	1499944	1548628	1545028	1547430	1548203	1503745	1468030	1466015	1503104	1532214	1570672	1546927	1560819
12/25/2024 10:00:00 AM	132	1570851	1545385	1521929	1553215	1541840	1553596	1538267	1545102	1579566	1483264	1421161	1355614	1541362	1517730	1563215	1523255	1549540	1524368	1553765	1526077	1499959	1502413	1506767	1514460	1523601	1508438	1528443	1549120	1532549	1525374	1490891	1496180	1485977	1498422	1524247	1516867	1590242	1555249	1550175	1504737	1505951	1498104	1551872	1542359	1545960	1545565	1494566	1463486	1460865	1501853	1528543	1567034	1549594	1558799
12/25/2024 2:00:00 PM	136	1567533	1542156	1518701	1551769	1540558	1547106	1536856	1542937	1579786	1475153	1411299	1345051	1538450	1514862	1562196	1520196	1544265	1521328	1551994	1522953	1495159	1494253	1502727	1513557	1524688	1504545	1529556	1548003	1535068	1522993	1489255	1491921	1483353	1493727	1517419	1518978	1587878	1551225	1545559	1498128	1513113	1495848	1548199	1540925	1540475	1538046	1493792	1456368	1454122	1499385	1525866	1564361	1557810	1563343
12/25/2024 6:00:00 PM	140	1561613	1539118	1515609	1552962	1537159	1544566	1530862	1536993	1577686	1470145	1400917	1334490	1535526	1510959	1551555	1518581	1540202	1516629	1547372	1523261	1490157	1493197	1499801	1509904	1522829	1499078	1522758	1545686	1526542	1519547	1486495	1488573	1475603	1491671	1520027	1512821	1587607	1545422	1542249	1495829	1512317	1492483	1544298	1538626	1535078	1534398	1483763	1451893	1450476	1493088	1523069	1564485	1548555	1561463
12/25/2024 10:00:00 PM	144	1558359	1533527	1509867	1548523	1534753	1544394	1533474	1537750	1578440	1462170	1392474	1322149	1529016	1507642	1564191	1513106	1541000	1511653	1545670	1517233	1485573	1488967	1495502	1507261	1518444	1499007	1521657	1543115	1524534	1517134	1480823	1482301	1473153	1490297	1512655	1510433	1585665	1545380	1536119	1487424	1502108	1485843	1541478	1535254	1534903	1530441	1481301	1443860	1445155	1492232	1519863	1561534	1544196	1558365
12/26/2024 2:00:00 AM	148	1553627	1530566	1502413	1543056	1533908	1543493	1524424	1533734	1570280	1459376	1387120	1319128	1529967	1503692	1548584	1510292	1536861	1511700	1539991	1515703	1480498	1483419	1492049	1503398	1513204	1493348	1517744	1539421	1518224	1515281	1477468	1473489	1468567	1483842	1510957	1509510	1583307	1531579	1535258	1485230	1497536	1482944	1541598	1530580	1530321	1526772	1472441	1437128	1442134	1487719	1514699	1558849	1541750	1553688
12/26/2024 6:00:00 AM	152	1552046	1522832	1497200	1543069	1531646	1537504	1524614	1531361	1567926	1457951	1377830	1308456	1522153	1500222	1554593	1509140	1536185	1512436	1538572	1509196	1475483	1481180	1489733	1500490	1510204	1490847	1516626	1538179	1512171	1510000	1475360	1468600	1464262	1481558	1511159	1500625	1575956	1543353	1532621	1484945	1497388	1479017	1534803	1526848	1530341	1527869	1466906	1431164	1436569	1483057	1510610	1558920	1539752	1553662
12/26/2024 10:00:00 AM	156	1546089	1518408	1491768	1537814	1528264	1535063	1519264	1525775	1567989	1456678	1367343	1300993	1520631	1497070	1549676	1502590	1530245	1511330	1536285	1508139	1470785	1478902	1484672	1498571	1508500	1486819	1510023	1536787	1509189	1506564	1470107	1465827	1458723	1477329	1504288	1498523	1581487	1540974	1530168	1482045	1495993	1477329	1534298	1526165	1525322	1523884	1465511	1427639	1436347	1481359	1507178	1553269	1538097	1555980
