Vessel Name: 20241212_TCSL250_wk0_ratio8
Metric: Total Red Object Area (µm²/Image)
Cell Type: 
Passage: 1
Notes: 
Analysis: MGF_TRACHYB013_analysis

Date Time	Elapsed	B2	B3	B4	B5	B6	B7	B8	B9	B10	C2	C3	C4	C5	C6	C7	C8	C9	C10	D2	D3	D4	D5	D6	D7	D8	D9	D10	E2	E3	E4	E5	E6	E7	E8	E9	E10	F2	F3	F4	F5	F6	F7	F8	F9	F10	G2	G3	G4	G5	G6	G7	G8	G9	G10	B2 (Std Err Well)	B3 (Std Err Well)	B4 (Std Err Well)	B5 (Std Err Well)	B6 (Std Err Well)	B7 (Std Err Well)	B8 (Std Err Well)	B9 (Std Err Well)	B10 (Std Err Well)	C2 (Std Err Well)	C3 (Std Err Well)	C4 (Std Err Well)	C5 (Std Err Well)	C6 (Std Err Well)	C7 (Std Err Well)	C8 (Std Err Well)	C9 (Std Err Well)	C10 (Std Err Well)	D2 (Std Err Well)	D3 (Std Err Well)	D4 (Std Err Well)	D5 (Std Err Well)	D6 (Std Err Well)	D7 (Std Err Well)	D8 (Std Err Well)	D9 (Std Err Well)	D10 (Std Err Well)	E2 (Std Err Well)	E3 (Std Err Well)	E4 (Std Err Well)	E5 (Std Err Well)	E6 (Std Err Well)	E7 (Std Err Well)	E8 (Std Err Well)	E9 (Std Err Well)	E10 (Std Err Well)	F2 (Std Err Well)	F3 (Std Err Well)	F4 (Std Err Well)	F5 (Std Err Well)	F6 (Std Err Well)	F7 (Std Err Well)	F8 (Std Err Well)	F9 (Std Err Well)	F10 (Std Err Well)	G2 (Std Err Well)	G3 (Std Err Well)	G4 (Std Err Well)	G5 (Std Err Well)	G6 (Std Err Well)	G7 (Std Err Well)	G8 (Std Err Well)	G9 (Std Err Well)	G10 (Std Err Well)
12/12/2024 7:08:00 PM	0	648196.1	707429.4	674589.6	654537	662861.8	668465.6	660487.2	655825.1	654157.2	744503.6	641426.3	701499.3	657628.9	665436.9	666659.7	653142.9	649730.6	649615.2	752125.8	678273	661694.6	686913.4	681786.5	684905.7	721605.1	679979.9	663689.4	695652.4	663689.1	638819.9	699297.4	659853.4	700903.4	702004.1	668157.1	656730.1	678793.6	658957.6	728866.4	686117.8	692359.9	656692.6	711750.1	677648.4	679228.8	632415.3	693073.3	675303.3	670577.1	684970.7	674050.1	685711.6	678090.4	708523.1	0	0	0	0	0	0	0	0	0	0	0	0	0	0	0	0	0	0	0	0	0	0	0	0	0	0	0	0	0	0	0	0	0	0	0	0	0	0	0	0	0	0	0	0	0	0	0	0	0	0	0	0	0	0
12/12/2024 11:08:00 PM	4	753589.7	795455.3	765346.9	744027.8	759636.9	762619.6	754729	749379.5	749955.8	844354.5	736042.9	791662.3	745964.1	756305	752179.3	736735.3	734442.4	742109.5	828323.6	766471.9	747568.6	771675.7	768590.8	769455.6	814924.8	775590.6	748203.4	790007.8	748775.6	729681.3	795486.9	747850.6	785153.8	791362.4	758341.3	744455.6	768441.4	754345.2	808182.9	772079.3	786710.3	753060.1	800591.3	759533.4	765458.4	719406	791622.1	773004.1	761480.6	777712	762839	777415.4	781140.1	792736.6	0	0	0	0	0	0	0	0	0	0	0	0	0	0	0	0	0	0	0	0	0	0	0	0	0	0	0	0	0	0	0	0	0	0	0	0	0	0	0	0	0	0	0	0	0	0	0	0	0	0	0	0	0	0
12/13/2024 3:08:00 AM	8	837832.6	883716.8	849241	821817.8	840698.9	839708.2	838721.8	832453.7	835700.4	925947.1	818226.3	861976.2	825436.6	834681.8	832141.4	810173.6	810358.6	823416.8	900227.8	842499	832108.9	850629.4	845308.1	851207.6	901501.1	847123.7	824505.6	865708.8	825386.1	806136.7	874648.6	837580.4	867170.3	866793.4	832526.7	817397.1	854312.5	835993.2	877719.8	855538.8	868945.3	832846.1	883418.8	837817.8	845976.6	805191.5	875375	850813.3	833958.8	858714.6	841732	862845.3	866890.8	876668.1	0	0	0	0	0	0	0	0	0	0	0	0	0	0	0	0	0	0	0	0	0	0	0	0	0	0	0	0	0	0	0	0	0	0	0	0	0	0	0	0	0	0	0	0	0	0	0	0	0	0	0	0	0	0
12/13/2024 7:08:00 AM	12	888039.7	954568.6	923209.5	890345.2	906014.2	904987.6	907601.4	904334.6	904514.1	988233.3	881252.9	932007.8	896301.7	916156.5	898116.9	877917	881929.5	886760.5	960857.2	917270.1	898258.4	922138.3	907524	912400.6	967807.2	912934.5	889996.1	923479	889162.6	875565.1	936029.2	904044.6	924289.6	937543	903864.1	889866.1	919692.6	892925	944147.9	923276	931909.1	899428.3	960905.8	913455.4	924165.2	867998.6	930806	912786.2	895844.8	914382	905920.2	937063.6	930950.8	949682.8	0	0	0	0	0	0	0	0	0	0	0	0	0	0	0	0	0	0	0	0	0	0	0	0	0	0	0	0	0	0	0	0	0	0	0	0	0	0	0	0	0	0	0	0	0	0	0	0	0	0	0	0	0	0
12/13/2024 11:08:00 AM	16	968441.3	1023057	980451.7	955327.2	971132.2	964688.5	969617.4	970656.1	974197.5	1062737	942742.1	982722.2	975406.1	987937.7	975170.8	947673.4	946487.4	953428.7	1019225	966971.4	954555.3	984062.4	973510.4	978124.8	1018068	966419.3	952212.3	985471.5	937441.5	925226.2	982391.6	956937.3	979029.9	994786.2	959199.2	951266.8	993586.5	961025.5	1003135	982390.8	988491.1	949567.3	1041098	984899.9	1008329	934607.7	994927.9	972660.2	941662.2	970192.2	952232.5	1021222	1013787	1023879	0	0	0	0	0	0	0	0	0	0	0	0	0	0	0	0	0	0	0	0	0	0	0	0	0	0	0	0	0	0	0	0	0	0	0	0	0	0	0	0	0	0	0	0	0	0	0	0	0	0	0	0	0	0
12/13/2024 3:08:00 PM	20	1014070	1063669	1028603	1004123	1022275	1013074	1021501	1023144	1026114	1105314	992450	1022521	1027245	1042440	1038531	994710.9	998763.9	1014370	1062564	1011984	997867.6	1036172	1036343	1040127	1074157	1018240	1005621	1026136	972461.8	961616.4	1025412	1007005	1017623	1054446	1019517	1006312	1046855	1005820	1054944	1023575	1029551	993913.6	1108970	1058077	1083900	978184.2	1041896	1006505	969354	1002252	994055.4	1089618	1091391	1102466	0	0	0	0	0	0	0	0	0	0	0	0	0	0	0	0	0	0	0	0	0	0	0	0	0	0	0	0	0	0	0	0	0	0	0	0	0	0	0	0	0	0	0	0	0	0	0	0	0	0	0	0	0	0
12/13/2024 7:08:00 PM	24	1043900	1105913	1056927	1028650	1056585	1034077	1053294	1054065	1061340	1145371	1025869	1051821	1074048	1080297	1094429	1035649	1045758	1052134	1115896	1045583	1006803	1086503	1093045	1101604	1092181	1055326	1047194	1058560	1010717	979252.9	1031843	1017665	1029066	1066696	1057330	1068593	1087435	1053000	1113335	1065584	1071967	1027524	1184121	1132773	1147700	1004185	1065048	1030604	996789	1022822	1012176	1147170	1161284	1178789	0	0	0	0	0	0	0	0	0	0	0	0	0	0	0	0	0	0	0	0	0	0	0	0	0	0	0	0	0	0	0	0	0	0	0	0	0	0	0	0	0	0	0	0	0	0	0	0	0	0	0	0	0	0
12/13/2024 11:08:00 PM	28	1066415	1129800	1077644	1049945	1078140	1052476	1082324	1077859	1082589	1167018	1043155	1063954	1107431	1105647	1130544	1067235	1080543	1084919	1141638	1061958	1023523	1134730	1131313	1136771	1110187	1074847	1081499	1084777	1023910	988236.1	1049545	1042642	1048526	1094705	1091199	1100098	1129921	1074236	1140779	1079724	1086014	1044012	1237028	1183005	1201331	1026813	1085476	1037613	1011597	1033291	1024714	1203637	1214834	1232415	0	0	0	0	0	0	0	0	0	0	0	0	0	0	0	0	0	0	0	0	0	0	0	0	0	0	0	0	0	0	0	0	0	0	0	0	0	0	0	0	0	0	0	0	0	0	0	0	0	0	0	0	0	0
12/14/2024 3:08:00 AM	32	1078504	1138294	1094143	1065820	1092489	1062176	1092304	1100673	1103078	1179519	1053757	1068180	1131920	1134491	1163974	1086058	1102840	1110943	1157262	1069329	1030690	1159754	1154702	1168870	1124968	1090091	1093013	1095207	1029642	991922.9	1061416	1051507	1052588	1104724	1103735	1117189	1159184	1090618	1161778	1093623	1095684	1042469	1288516	1233093	1251554	1042540	1092760	1035597	1009284	1035797	1030831	1250797	1265690	1278557	0	0	0	0	0	0	0	0	0	0	0	0	0	0	0	0	0	0	0	0	0	0	0	0	0	0	0	0	0	0	0	0	0	0	0	0	0	0	0	0	0	0	0	0	0	0	0	0	0	0	0	0	0	0
12/14/2024 7:08:00 AM	36	1087175	1155371	1097645	1083253	1104136	1078805	1104251	1116198	1120873	1190050	1060244	1071747	1159996	1161872	1187124	1103710	1121246	1117613	1168205	1073901	1035318	1181151	1176935	1194112	1140396	1108061	1110594	1108308	1028102	994152	1068479	1061276	1084954	1114870	1122189	1132181	1187496	1112888	1183765	1096927	1095643	1043851	1321082	1280535	1292526	1049440	1093369	1029092	1008693	1032781	1024339	1294451	1314915	1316147	0	0	0	0	0	0	0	0	0	0	0	0	0	0	0	0	0	0	0	0	0	0	0	0	0	0	0	0	0	0	0	0	0	0	0	0	0	0	0	0	0	0	0	0	0	0	0	0	0	0	0	0	0	0
12/14/2024 11:08:00 AM	40	1097751	1165236	1105535	1091165	1107973	1084037	1122271	1123967	1133571	1202004	1061874	1071634	1177584	1175920	1207232	1121045	1135545	1137813	1181872	1071691	1032942	1200614	1198234	1218372	1142670	1114476	1118967	1120149	1030318	998229.1	1084597	1065888	1068641	1124573	1134062	1144776	1210737	1129743	1199389	1102577	1097323	1046344	1352313	1308598	1329633	1048568	1096198	1026484	1011279	1033480	1030328	1334032	1345791	1357097	0	0	0	0	0	0	0	0	0	0	0	0	0	0	0	0	0	0	0	0	0	0	0	0	0	0	0	0	0	0	0	0	0	0	0	0	0	0	0	0	0	0	0	0	0	0	0	0	0	0	0	0	0	0
12/14/2024 3:08:00 PM	44	1106980	1167274	1107168	1103997	1113089	1092890	1128591	1137349	1150143	1211320	1062668	1070771	1193893	1200860	1229894	1138795	1157146	1155405	1187913	1071965	1034113	1223456	1220710	1237438	1162487	1127158	1133332	1131015	1030874	998252.6	1088326	1076597	1071232	1134666	1146028	1158406	1231513	1147186	1215417	1103349	1098598	1048022	1373016	1338025	1357763	1043867	1093480	1005640	1009529	1027335	1028506	1363642	1374724	1389035	0	0	0	0	0	0	0	0	0	0	0	0	0	0	0	0	0	0	0	0	0	0	0	0	0	0	0	0	0	0	0	0	0	0	0	0	0	0	0	0	0	0	0	0	0	0	0	0	0	0	0	0	0	0
12/14/2024 7:08:00 PM	48	1109905	1168111	1111111	1118803	1124060	1104808	1140395	1150675	1161623	1221477	1067275	1067953	1219199	1212199	1247922	1153482	1175402	1174981	1198702	1074626	1039703	1241504	1244690	1271205	1170560	1143027	1147607	1141990	1029564	999281.1	1095803	1088044	1088298	1137886	1158161	1177643	1258661	1166165	1233692	1108577	1106059	1046270	1394628	1364050	1379961	1046574	1083641	996899.2	1013188	1031150	1037016	1386112	1403768	1415858	0	0	0	0	0	0	0	0	0	0	0	0	0	0	0	0	0	0	0	0	0	0	0	0	0	0	0	0	0	0	0	0	0	0	0	0	0	0	0	0	0	0	0	0	0	0	0	0	0	0	0	0	0	0
12/14/2024 11:08:00 PM	52	1111012	1171936	1105362	1127954	1132083	1115232	1145866	1162962	1169077	1220024	1065450	1060565	1233219	1231196	1261519	1169174	1194375	1195013	1214232	1071655	1039442	1265327	1260871	1287501	1194687	1159304	1162580	1152314	1033845	999739.5	1108855	1100721	1102114	1152371	1168496	1183622	1284846	1187239	1247225	1110162	1109496	1048628	1406308	1375454	1396404	1043978	1069841	970958.2	1019476	1039703	1045856	1413901	1424208	1428716	0	0	0	0	0	0	0	0	0	0	0	0	0	0	0	0	0	0	0	0	0	0	0	0	0	0	0	0	0	0	0	0	0	0	0	0	0	0	0	0	0	0	0	0	0	0	0	0	0	0	0	0	0	0
12/15/2024 3:08:00 AM	56	1108155	1170576	1104179	1134200	1138626	1119341	1152870	1172744	1174648	1226825	1066237	1056125	1254092	1253843	1282245	1189397	1215703	1218986	1219357	1069373	1039925	1294491	1285582	1312015	1208259	1171875	1172283	1164810	1032819	1004530	1123152	1110422	1113471	1164952	1182099	1198592	1303648	1209349	1264784	1120406	1106735	1047349	1419566	1392928	1413572	1040305	1055179	950782.8	1019450	1044368	1051486	1429547	1437541	1446487	0	0	0	0	0	0	0	0	0	0	0	0	0	0	0	0	0	0	0	0	0	0	0	0	0	0	0	0	0	0	0	0	0	0	0	0	0	0	0	0	0	0	0	0	0	0	0	0	0	0	0	0	0	0
12/15/2024 7:08:00 AM	60	1110944	1165618	1095856	1135513	1132180	1118615	1146179	1178153	1177989	1220246	1063873	1049628	1272535	1263447	1299010	1203124	1230815	1233698	1239785	1071807	1041492	1300231	1304690	1332479	1217954	1184151	1183502	1166642	1035472	1000526	1133664	1123888	1130749	1175692	1194560	1208947	1325155	1233372	1284117	1122013	1113225	1053158	1427558	1400955	1422691	1028958	1041813	930791.1	1023978	1046389	1050313	1438105	1451466	1458043	0	0	0	0	0	0	0	0	0	0	0	0	0	0	0	0	0	0	0	0	0	0	0	0	0	0	0	0	0	0	0	0	0	0	0	0	0	0	0	0	0	0	0	0	0	0	0	0	0	0	0	0	0	0
12/15/2024 11:08:00 AM	64	1104902	1156363	1090087	1138048	1128631	1118220	1147596	1174822	1178047	1225203	1054526	1032088	1292824	1285095	1316048	1220915	1245809	1249677	1231067	1066108	1037574	1322177	1323888	1350226	1235533	1196892	1192441	1168090	1029486	995893.3	1146045	1133849	1145704	1188397	1208290	1224058	1339364	1250142	1293958	1130670	1114451	1054908	1439552	1411993	1431658	1021635	1031988	907138.4	1022283	1046423	1050262	1451130	1458008	1470341	0	0	0	0	0	0	0	0	0	0	0	0	0	0	0	0	0	0	0	0	0	0	0	0	0	0	0	0	0	0	0	0	0	0	0	0	0	0	0	0	0	0	0	0	0	0	0	0	0	0	0	0	0	0
12/15/2024 3:08:00 PM	68	1096823	1151523	1076789	1138544	1130889	1112097	1141551	1173001	1172022	1210406	1044951	1017138	1316299	1299579	1329754	1235296	1257409	1257430	1231044	1057055	1028648	1334838	1341391	1366046	1241015	1203720	1199429	1169204	1014699	986019.7	1151266	1142434	1146856	1195795	1217218	1230160	1348405	1265549	1303588	1131624	1118987	1052656	1443319	1416187	1442195	1009811	1012308	879965.6	1016726	1075999	1042240	1463262	1467933	1481051	0	0	0	0	0	0	0	0	0	0	0	0	0	0	0	0	0	0	0	0	0	0	0	0	0	0	0	0	0	0	0	0	0	0	0	0	0	0	0	0	0	0	0	0	0	0	0	0	0	0	0	0	0	0
12/15/2024 7:08:00 PM	72	1087699	1141351	1069597	1131539	1121535	1107903	1142628	1170812	1158878	1203249	1026585	1000375	1334034	1316765	1347460	1245689	1266759	1270825	1233707	1048011	1020316	1354944	1355782	1384034	1253916	1215368	1208825	1167094	1003306	971318.1	1158802	1152870	1158252	1200650	1226361	1243385	1358514	1276704	1312345	1134271	1117425	1044340	1453701	1422961	1447764	996860.2	989124	852826	1016416	1038566	1040138	1468165	1472278	1487205	0	0	0	0	0	0	0	0	0	0	0	0	0	0	0	0	0	0	0	0	0	0	0	0	0	0	0	0	0	0	0	0	0	0	0	0	0	0	0	0	0	0	0	0	0	0	0	0	0	0	0	0	0	0
12/15/2024 11:08:00 PM	76	1080907	1132392	1057935	1134914	1121984	1102276	1141339	1168303	1166010	1192100	1014098	981994.8	1346607	1337696	1360527	1258814	1277444	1282903	1247365	1042098	1014308	1370475	1370339	1400815	1263450	1218066	1215748	1165556	991328.7	957246.2	1161730	1153631	1164908	1209085	1234258	1251169	1366758	1286666	1319722	1130972	1118837	1039612	1457442	1431552	1455756	988351.8	969767.2	826216.2	1011449	1033662	1032760	1472514	1476783	1493976	0	0	0	0	0	0	0	0	0	0	0	0	0	0	0	0	0	0	0	0	0	0	0	0	0	0	0	0	0	0	0	0	0	0	0	0	0	0	0	0	0	0	0	0	0	0	0	0	0	0	0	0	0	0
12/16/2024 3:08:00 AM	80	1076218	1124713	1046156	1133898	1116377	1104315	1144633	1173699	1171197	1185671	998864.8	963599.7	1360340	1339407	1367816	1268028	1282858	1291564	1241886	1035049	1008222	1378980	1383026	1410863	1270441	1229123	1221636	1163266	981991.2	947748.7	1166944	1159904	1170767	1218120	1243234	1257564	1378713	1298120	1327162	1139509	1114991	1040272	1466649	1440522	1458259	979778.5	957945.6	807412.5	1012501	1029516	1027854	1478667	1487035	1501516	0	0	0	0	0	0	0	0	0	0	0	0	0	0	0	0	0	0	0	0	0	0	0	0	0	0	0	0	0	0	0	0	0	0	0	0	0	0	0	0	0	0	0	0	0	0	0	0	0	0	0	0	0	0
12/16/2024 7:08:00 AM	84	1073702	1120933	1037555	1130106	1119746	1104424	1144216	1178851	1175101	1177284	980395.1	952968.2	1371268	1349761	1377255	1279383	1291206	1296608	1243599	1027260	1002174	1392801	1393409	1418248	1279258	1235342	1230121	1161437	975847.8	941222.7	1175552	1166175	1176025	1223798	1250760	1262817	1388933	1305645	1336292	1141835	1112603	1038868	1471332	1443245	1462203	972668.2	938942.6	786650.8	1013886	1031891	1029134	1487638	1483889	1505069	0	0	0	0	0	0	0	0	0	0	0	0	0	0	0	0	0	0	0	0	0	0	0	0	0	0	0	0	0	0	0	0	0	0	0	0	0	0	0	0	0	0	0	0	0	0	0	0	0	0	0	0	0	0
12/16/2024 11:08:00 AM	88	1068786	1111354	1028114	1132686	1125677	1102215	1150789	1177472	1180077	1167844	973328.1	939188.3	1378513	1352156	1381853	1284348	1297041	1304700	1237595	1026755	1001554	1398821	1403205	1423126	1284224	1240720	1239475	1161314	967201.1	934111	1179791	1173240	1182994	1232383	1255275	1272579	1396821	1314187	1339135	1141927	1116257	1036767	1476984	1444520	1470649	963905.8	932138.1	772073.7	1014476	1035236	1028549	1490995	1492210	1511885	0	0	0	0	0	0	0	0	0	0	0	0	0	0	0	0	0	0	0	0	0	0	0	0	0	0	0	0	0	0	0	0	0	0	0	0	0	0	0	0	0	0	0	0	0	0	0	0	0	0	0	0	0	0
12/16/2024 3:08:00 PM	92	1068001	1122176	1024745	1142753	1132685	1117299	1163111	1193706	1200903	1160605	965877.6	929231.2	1389602	1366326	1394611	1292116	1310390	1323066	1261495	1022672	998340.5	1404861	1408117	1432331	1290743	1246980	1256294	1165369	961934.6	929297.8	1183052	1179080	1185245	1237152	1266267	1294199	1404489	1320073	1354183	1150869	1110676	1039543	1475546	1460399	1466741	961763.4	921063.7	753563.4	1003475	1026706	1020986	1487520	1490265	1508198	0	0	0	0	0	0	0	0	0	0	0	0	0	0	0	0	0	0	0	0	0	0	0	0	0	0	0	0	0	0	0	0	0	0	0	0	0	0	0	0	0	0	0	0	0	0	0	0	0	0	0	0	0	0
12/16/2024 7:08:00 PM	96	1066601	1108313	1014362	1148357	1126294	1109354	1159992	1188522	1199820	1151459	958424.5	921574.6	1389795	1368134	1399014	1297494	1312253	1326019	1250467	1030080	999547	1414486	1415258	1439608	1299616	1255188	1251641	1162836	959463.5	925215.4	1191792	1179492	1191374	1243179	1272496	1291796	1411185	1328515	1356952	1148067	1118587	1033766	1479048	1451405	1473798	961779.2	910956.8	743728.6	1013466	1032429	1029066	1497999	1503746	1514953	0	0	0	0	0	0	0	0	0	0	0	0	0	0	0	0	0	0	0	0	0	0	0	0	0	0	0	0	0	0	0	0	0	0	0	0	0	0	0	0	0	0	0	0	0	0	0	0	0	0	0	0	0	0
12/16/2024 11:08:00 PM	100	1061341	1109788	1012145	1151783	1132682	1118146	1167010	1197425	1208795	1149932	954182.4	915984.1	1396520	1378881	1403209	1304760	1317995	1338407	1260778	1031733	1000461	1418304	1423979	1443278	1300797	1259954	1262152	1167733	958914.4	926396.1	1195352	1189880	1199428	1251662	1276318	1302027	1423177	1338805	1362482	1155605	1127255	1042496	1484981	1455703	1475138	960340.6	906355.6	743614.4	1025078	1043536	1044744	1498092	1503810	1516589	0	0	0	0	0	0	0	0	0	0	0	0	0	0	0	0	0	0	0	0	0	0	0	0	0	0	0	0	0	0	0	0	0	0	0	0	0	0	0	0	0	0	0	0	0	0	0	0	0	0	0	0	0	0
12/17/2024 3:08:00 AM	104	1062251	1101788	1007487	1150274	1127522	1115375	1171586	1202406	1217437	1149691	951381.6	911777	1403594	1378229	1410897	1311293	1322476	1340424	1258545	1034232	1002451	1425803	1424090	1441699	1314558	1266651	1266727	1171501	960727.5	928103.1	1203231	1193467	1203936	1255294	1278138	1306058	1424936	1342493	1366890	1158190	1127214	1046795	1480950	1454096	1475909	955517	903406.4	738310	1023372	1038880	1045388	1502048	1510116	1514459	0	0	0	0	0	0	0	0	0	0	0	0	0	0	0	0	0	0	0	0	0	0	0	0	0	0	0	0	0	0	0	0	0	0	0	0	0	0	0	0	0	0	0	0	0	0	0	0	0	0	0	0	0	0
12/17/2024 7:08:00 AM	108	1059959	1099442	1003369	1154681	1132804	1117489	1176216	1200824	1222771	1155401	948747.8	912604.9	1408514	1392031	1415252	1317852	1328667	1351642	1265626	1036505	1009716	1426112	1434462	1450286	1321933	1273140	1274928	1173334	964722.6	930954	1208405	1202288	1214154	1264076	1284789	1314735	1432624	1352123	1374290	1166969	1136342	1050634	1482623	1455271	1477585	963347.2	912979.4	742102.7	1036526	1055795	1056114	1503563	1527061	1522225	0	0	0	0	0	0	0	0	0	0	0	0	0	0	0	0	0	0	0	0	0	0	0	0	0	0	0	0	0	0	0	0	0	0	0	0	0	0	0	0	0	0	0	0	0	0	0	0	0	0	0	0	0	0
12/17/2024 11:08:00 AM	112	1068294	1110326	1008755	1164302	1143011	1130586	1183256	1220113	1239936	1156147	953860.2	915755.6	1412791	1395790	1424033	1326300	1332828	1358656	1269424	1041665	1009066	1425789	1430816	1451912	1328043	1279830	1284396	1180179	964640.9	932049.3	1205062	1205188	1213365	1268905	1295026	1326721	1441848	1361551	1379372	1166789	1133740	1047753	1483299	1458566	1481546	966441.3	906253.5	737377.8	1029071	1047298	1049621	1503343	1519484	1516625	0	0	0	0	0	0	0	0	0	0	0	0	0	0	0	0	0	0	0	0	0	0	0	0	0	0	0	0	0	0	0	0	0	0	0	0	0	0	0	0	0	0	0	0	0	0	0	0	0	0	0	0	0	0
12/17/2024 3:08:00 PM	116	1069994	1119807	1012754	1173080	1149580	1130087	1193126	1225119	1252534	1156682	956005.7	920325.5	1422403	1392865	1429378	1330356	1338686	1365914	1273639	1040425	1018440	1428344	1432805	1453834	1329281	1290080	1291261	1187496	966690.4	940498.8	1215863	1210216	1224018	1279608	1300691	1336465	1445300	1365537	1387055	1169907	1139961	1054540	1481683	1457174	1477207	983321.1	914148.1	739371.3	1036290	1051454	1053865	1507995	1525129	1516211	0	0	0	0	0	0	0	0	0	0	0	0	0	0	0	0	0	0	0	0	0	0	0	0	0	0	0	0	0	0	0	0	0	0	0	0	0	0	0	0	0	0	0	0	0	0	0	0	0	0	0	0	0	0
12/17/2024 7:08:00 PM	120	1073801	1117539	1013599	1179216	1149501	1134828	1195132	1227133	1260823	1160506	957571.5	924481.8	1424614	1397414	1428353	1337234	1344455	1375093	1276059	1047787	1022169	1429152	1435102	1456370	1340856	1294899	1297585	1191174	973048.6	943688.2	1218949	1215850	1227338	1286234	1304622	1342467	1445694	1373558	1390523	1180129	1149209	1059059	1486728	1459930	1482722	983007	915743.6	743910.2	1041692	1056728	1065671	1508651	1520447	1518405	0	0	0	0	0	0	0	0	0	0	0	0	0	0	0	0	0	0	0	0	0	0	0	0	0	0	0	0	0	0	0	0	0	0	0	0	0	0	0	0	0	0	0	0	0	0	0	0	0	0	0	0	0	0
12/17/2024 11:08:00 PM	124	1076850	1120766	1015405	1184594	1157447	1138752	1200078	1236372	1266584	1164661	964020.6	929034.7	1425885	1405512	1437623	1343813	1348396	1373371	1279156	1055033	1027867	1432525	1433219	1453676	1343473	1300224	1305505	1199000	977203.4	948573.5	1224676	1222693	1234294	1290512	1310337	1344965	1453282	1375234	1393706	1183664	1144607	1065862	1478426	1461012	1479152	987270.4	921963.1	740597.3	1044840	1059038	1062483	1506417	1524833	1518433	0	0	0	0	0	0	0	0	0	0	0	0	0	0	0	0	0	0	0	0	0	0	0	0	0	0	0	0	0	0	0	0	0	0	0	0	0	0	0	0	0	0	0	0	0	0	0	0	0	0	0	0	0	0
12/18/2024 3:08:00 AM	128	1083659	1126478	1021770	1188415	1163344	1149811	1205231	1245896	1272833	1171448	969775.3	932800.2	1429222	1410979	1441986	1348580	1355775	1381137	1287232	1061525	1032789	1425438	1435788	1458858	1347280	1306694	1312497	1202471	983349.9	954648.2	1232931	1228477	1239837	1294676	1314845	1351877	1458885	1382318	1399460	1188665	1154863	1073819	1478090	1454523	1481488	987684.2	932546	747979.9	1057102	1069535	1070752	1508879	1495336	1519705	0	0	0	0	0	0	0	0	0	0	0	0	0	0	0	0	0	0	0	0	0	0	0	0	0	0	0	0	0	0	0	0	0	0	0	0	0	0	0	0	0	0	0	0	0	0	0	0	0	0	0	0	0	0
12/18/2024 7:08:00 AM	132	1090809	1128729	1019464	1196454	1167304	1152992	1214953	1250769	1280591	1180758	971247.3	940205	1427886	1416388	1442617	1355154	1361258	1389804	1298819	1069670	1043778	1423792	1436434	1458701	1355848	1312919	1316819	1211257	992441	961032	1238971	1235737	1251945	1301903	1323862	1360732	1461871	1388030	1411179	1200168	1162143	1080521	1484481	1455037	1480083	1008385	936410.8	753970.4	1065503	1079658	1080709	1509297	1490723	1518378	0	0	0	0	0	0	0	0	0	0	0	0	0	0	0	0	0	0	0	0	0	0	0	0	0	0	0	0	0	0	0	0	0	0	0	0	0	0	0	0	0	0	0	0	0	0	0	0	0	0	0	0	0	0
12/18/2024 11:08:00 AM	136	1097103	1131955	1024268	1205286	1172723	1158718	1218930	1259708	1287442	1183314	978566.2	948185.7	1431035	1418921	1444793	1360990	1364244	1396366	1299974	1073447	1049375	1428008	1433081	1454235	1366110	1318556	1325437	1222732	997079.6	968194.9	1248178	1244612	1263808	1311703	1328999	1364006	1467598	1392849	1410935	1208381	1169648	1085889	1480441	1454102	1482017	999215.2	940178.8	758658.8	1070457	1085970	1089156	1507983	1489816	1520915	0	0	0	0	0	0	0	0	0	0	0	0	0	0	0	0	0	0	0	0	0	0	0	0	0	0	0	0	0	0	0	0	0	0	0	0	0	0	0	0	0	0	0	0	0	0	0	0	0	0	0	0	0	0
12/18/2024 3:08:00 PM	140	1101783	1134305	1032173	1209632	1174358	1160099	1221190	1261189	1289264	1192111	984582.3	952247.6	1434655	1418456	1447452	1362470	1368165	1400112	1301369	1082733	1053770	1423503	1432592	1454320	1359664	1322910	1329263	1224544	1003191	974755.8	1252375	1247924	1263213	1312753	1333582	1367239	1469727	1397349	1413983	1216510	1173652	1091504	1474771	1452062	1480874	1034333	947834.1	758366	1076849	1090010	1091939	1504408	1486023	1517004	0	0	0	0	0	0	0	0	0	0	0	0	0	0	0	0	0	0	0	0	0	0	0	0	0	0	0	0	0	0	0	0	0	0	0	0	0	0	0	0	0	0	0	0	0	0	0	0	0	0	0	0	0	0
12/18/2024 7:08:00 PM	144	1104253	1136619	1033109	1209657	1185234	1169401	1225100	1265336	1290680	1201652	993441.6	958930.2	1434298	1428897	1452983	1369999	1374346	1410121	1307009	1092837	1063950	1427925	1434117	1453302	1371137	1326363	1334978	1230368	1017291	985257.4	1261666	1257903	1275129	1322616	1338300	1378032	1470856	1403193	1419581	1221357	1182419	1104079	1471023	1452154	1478152	1034433	958840.1	766525.6	1084439	1094905	1100717	1502717	1486538	1515102	0	0	0	0	0	0	0	0	0	0	0	0	0	0	0	0	0	0	0	0	0	0	0	0	0	0	0	0	0	0	0	0	0	0	0	0	0	0	0	0	0	0	0	0	0	0	0	0	0	0	0	0	0	0
12/18/2024 11:08:00 PM	148	1117135	1146017	1038361	1219933	1194822	1177981	1239519	1280852	1294952	1205411	998813.1	964572.2	1441045	1432130	1455876	1377993	1388790	1415269	1312009	1101413	1073382	1426494	1429598	1455017	1382196	1330401	1349167	1235897	1026387	991425.5	1268076	1266428	1289564	1335744	1341216	1388041	1476148	1402747	1419737	1228315	1183187	1101695	1464476	1451055	1470405	1018443	965715.8	774399.6	1092218	1101939	1106506	1497203	1488771	1513491	0	0	0	0	0	0	0	0	0	0	0	0	0	0	0	0	0	0	0	0	0	0	0	0	0	0	0	0	0	0	0	0	0	0	0	0	0	0	0	0	0	0	0	0	0	0	0	0	0	0	0	0	0	0
12/19/2024 3:08:00 AM	152	1118765	1150212	1042849	1223920	1193080	1179057	1245429	1272973	1305377	1212036	1000298	971882.7	1441852	1436489	1462383	1389907	1393919	1425793	1318998	1112925	1082722	1422945	1427990	1453218	1387691	1340451	1354724	1242510	1032073	999199.1	1274571	1272451	1291158	1336354	1345492	1390470	1485584	1408105	1425627	1237552	1191550	1106951	1465992	1451543	1470411	1014365	968870.6	777616.4	1093428	1106834	1112810	1498631	1490047	1513274	0	0	0	0	0	0	0	0	0	0	0	0	0	0	0	0	0	0	0	0	0	0	0	0	0	0	0	0	0	0	0	0	0	0	0	0	0	0	0	0	0	0	0	0	0	0	0	0	0	0	0	0	0	0
12/19/2024 7:08:00 AM	156	1124798	1150376	1050254	1229483	1200222	1187020	1247255	1282995	1306121	1218244	1006588	978274.3	1445212	1436655	1460989	1388213	1396020	1424793	1321227	1117248	1092139	1421894	1425313	1453936	1396919	1343129	1359800	1247736	1039511	1004687	1282164	1279845	1299338	1342334	1349358	1392930	1485264	1412755	1428653	1241460	1198284	1116876	1465594	1451224	1468464	1019246	977023.9	783713	1102409	1112718	1118536	1503333	1490349	1514422	0	0	0	0	0	0	0	0	0	0	0	0	0	0	0	0	0	0	0	0	0	0	0	0	0	0	0	0	0	0	0	0	0	0	0	0	0	0	0	0	0	0	0	0	0	0	0	0	0	0	0	0	0	0
12/19/2024 11:08:00 AM	160	1133997	1162926	1063102	1238882	1203877	1192590	1254941	1290088	1311755	1225887	1008049	986141.3	1443961	1445159	1457925	1395141	1400427	1430298	1321238	1122356	1101093	1416603	1427034	1456706	1397753	1347626	1365855	1249853	1045025	1014951	1283764	1290375	1301543	1344340	1357676	1397804	1482564	1414317	1433797	1246207	1205412	1124952	1465304	1452940	1468744	1022255	976896.4	786997.5	1105895	1122934	1124401	1496579	1484735	1510281	0	0	0	0	0	0	0	0	0	0	0	0	0	0	0	0	0	0	0	0	0	0	0	0	0	0	0	0	0	0	0	0	0	0	0	0	0	0	0	0	0	0	0	0	0	0	0	0	0	0	0	0	0	0
12/19/2024 3:08:00 PM	164	1134383	1168582	1060778	1240369	1206160	1197243	1257205	1292934	1315627	1230980	1017615	994231.5	1447192	1443859	1463650	1391803	1401369	1430438	1326652	1128057	1108762	1412451	1421121	1447572	1400313	1351069	1367064	1252438	1051000	1022324	1287718	1294985	1309892	1347545	1359018	1405681	1484551	1418404	1437073	1256474	1211086	1131516	1453246	1448660	1465944	1027535	991384.1	796436.1	1116838	1124663	1130802	1496676	1484382	1511660	0	0	0	0	0	0	0	0	0	0	0	0	0	0	0	0	0	0	0	0	0	0	0	0	0	0	0	0	0	0	0	0	0	0	0	0	0	0	0	0	0	0	0	0	0	0	0	0	0	0	0	0	0	0
12/19/2024 7:08:00 PM	168	1141366	1162801	1066494	1245982	1212083	1201109	1260292	1294096	1313469	1238537	1026623	999718.1	1448743	1446367	1461906	1391599	1403652	1434181	1326392	1133316	1113486	1412005	1415387	1440724	1395571	1349177	1373995	1262381	1059408	1027539	1294509	1298819	1311768	1349297	1359218	1405215	1484718	1420552	1438381	1263213	1220220	1136230	1453374	1440917	1463667	1033159	996683.7	805989.1	1120882	1126929	1133647	1492293	1484479	1507580	0	0	0	0	0	0	0	0	0	0	0	0	0	0	0	0	0	0	0	0	0	0	0	0	0	0	0	0	0	0	0	0	0	0	0	0	0	0	0	0	0	0	0	0	0	0	0	0	0	0	0	0	0	0
